Begin PolyList
   Begin Polygon Item=OUTSIDE Link=0
      Origin   -00008.000000,-00088.000000,+00088.000000
      Normal   +00000.000000,+00000.000000,+00001.000000
      TextureU +00000.000000,+00001.000000,+00000.000000
      TextureV -00001.000000,+00000.000000,+00000.000000
      Vertex   -00000.811523,-00044.786148,+00088.000000
      Vertex   -00000.468018,-00044.213642,+00088.000000
      Vertex   -00000.468018,-00041.604607,+00088.000000
      Vertex   -00000.802673,-00041.048553,+00088.000000
   End Polygon
   Begin Polygon Item=OUTSIDE Link=1
      Origin   -00008.000000,-00088.000000,+00088.000000
      Normal   +00000.000000,+00000.000000,+00001.000000
      TextureU +00000.000000,+00001.000000,+00000.000000
      TextureV -00001.000000,+00000.000000,+00000.000000
      Vertex   -00003.847778,-00035.989330,+00088.000000
      Vertex   -00000.468018,-00041.604607,+00088.000000
      Vertex   -00000.468018,+00034.903000,+00088.000000
      Vertex   -00003.847778,+00029.128662,+00088.000000
   End Polygon
   Begin Polygon Item=OUTSIDE Link=2
      Origin   -00008.000000,-00088.000000,+00088.000000
      Normal   +00000.000000,+00000.000000,+00001.000000
      TextureU +00000.000000,+00001.000000,+00000.000000
      TextureV -00001.000000,+00000.000000,+00000.000000
      Vertex   -00000.468018,-00044.213642,+00088.000000
      Vertex   -00003.847778,-00049.846542,+00088.000000
      Vertex   -00003.847778,-00081.963043,+00088.000000
      Vertex   -00000.468018,-00081.963043,+00088.000000
   End Polygon
   Begin Polygon Item=OUTSIDE Link=3
      Origin   -00008.000000,-00088.000000,+00088.000000
      Normal   +00000.000000,+00000.000000,+00001.000000
      TextureU +00000.000000,+00001.000000,+00000.000000
      TextureV -00001.000000,+00000.000000,+00000.000000
      Vertex   -00000.811584,+00034.316055,+00088.000000
      Vertex   -00000.468018,+00034.903000,+00088.000000
      Vertex   -00000.468018,+00037.512024,+00088.000000
      Vertex   -00000.802673,+00038.068077,+00088.000000
   End Polygon
   Begin Polygon Item=OUTSIDE Link=4
      Origin   -00008.000000,-00088.000000,+00088.000000
      Normal   +00000.000000,+00000.000000,+00001.000000
      TextureU +00000.000000,+00001.000000,+00000.000000
      TextureV -00001.000000,+00000.000000,+00000.000000
      Vertex   -00000.468018,+00037.512024,+00088.000000
      Vertex   -00000.468018,+00046.773834,+00088.000000
      Vertex   -00003.847778,+00046.773834,+00088.000000
      Vertex   -00003.847778,+00043.127289,+00088.000000
   End Polygon
   Begin Polygon Item=OUTSIDE Link=5
      Origin   -00008.000000,-00088.000000,+00088.000000
      Normal   +00000.000000,+00000.000000,+00001.000000
      TextureU +00000.000000,+00001.000000,+00000.000000
      TextureV -00001.000000,+00000.000000,+00000.000000
      Vertex   +00003.652588,-00041.048477,+00088.000000
      Vertex   +00002.533936,-00042.907043,+00088.000000
      Vertex   +00003.661438,-00044.786171,+00088.000000
   End Polygon
   Begin Polygon Item=OUTSIDE Link=6
      Origin   -00008.000000,-00088.000000,+00088.000000
      Normal   +00000.000000,+00000.000000,+00001.000000
      TextureU +00000.000000,+00001.000000,+00000.000000
      TextureV -00001.000000,+00000.000000,+00000.000000
      Vertex   +00002.533936,-00042.907043,+00088.000000
      Vertex   -00000.468018,-00047.894646,+00088.000000
      Vertex   -00000.468018,-00049.905106,+00088.000000
      Vertex   +00006.732788,-00049.905106,+00088.000000
   End Polygon
   Begin Polygon Item=OUTSIDE Link=7
      Origin   -00008.000000,-00088.000000,+00088.000000
      Normal   +00000.000000,+00000.000000,+00001.000000
      TextureU +00000.000000,+00001.000000,+00000.000000
      TextureV -00001.000000,+00000.000000,+00000.000000
      Vertex   +00006.697693,-00081.963043,+00088.000000
      Vertex   +00006.697693,-00049.905106,+00088.000000
      Vertex   -00000.468018,-00049.905106,+00088.000000
      Vertex   -00000.468018,-00081.963043,+00088.000000
   End Polygon
   Begin Polygon Item=OUTSIDE Link=8
      Origin   -00008.000000,-00088.000000,+00088.000000
      Normal   +00000.000000,+00000.000000,+00001.000000
      TextureU +00000.000000,+00001.000000,+00000.000000
      TextureV -00001.000000,+00000.000000,+00000.000000
      Vertex   +00003.652588,+00038.068161,+00088.000000
      Vertex   +00002.533936,+00036.209595,+00088.000000
      Vertex   +00003.661438,+00034.330475,+00088.000000
   End Polygon
   Begin Polygon Item=OUTSIDE Link=9
      Origin   -00008.000000,-00088.000000,+00088.000000
      Normal   +00000.000000,+00000.000000,+00001.000000
      TextureU +00000.000000,+00001.000000,+00000.000000
      TextureV -00001.000000,+00000.000000,+00000.000000
      Vertex   +00002.533936,+00036.209595,+00088.000000
      Vertex   -00000.468018,+00031.221985,+00088.000000
      Vertex   -00000.468018,+00029.128662,+00088.000000
      Vertex   +00006.782532,+00029.128662,+00088.000000
   End Polygon
   Begin Polygon Item=OUTSIDE Link=10
      Origin   -00008.000000,-00088.000000,+00088.000000
      Normal   +00000.000000,+00000.000000,+00001.000000
      TextureU +00000.000000,+00001.000000,+00000.000000
      TextureV -00001.000000,+00000.000000,+00000.000000
      Vertex   +00006.804871,+00043.305466,+00088.000000
      Vertex   -00000.468018,+00043.305466,+00088.000000
      Vertex   -00000.468018,+00031.221985,+00088.000000
   End Polygon
   Begin Polygon Item=OUTSIDE Link=11
      Origin   -00008.000000,-00088.000000,+00088.000000
      Normal   +00000.000000,+00000.000000,+00001.000000
      TextureU +00000.000000,+00001.000000,+00000.000000
      TextureV -00001.000000,+00000.000000,+00000.000000
      Vertex   +00006.697693,+00046.773834,+00088.000000
      Vertex   -00000.468018,+00046.773834,+00088.000000
      Vertex   -00000.468018,+00043.305466,+00088.000000
      Vertex   +00006.697693,+00043.305466,+00088.000000
   End Polygon
   Begin Polygon Item=OUTSIDE Link=12
      Origin   -00008.000000,-00088.000000,+00088.000000
      Normal   +00000.000000,+00000.000000,+00001.000000
      TextureU +00000.000000,+00001.000000,+00000.000000
      TextureV -00001.000000,+00000.000000,+00000.000000
      Vertex   +00006.697693,+00029.128662,+00088.000000
      Vertex   -00000.468018,+00029.128662,+00088.000000
      Vertex   -00000.468018,-00047.894646,+00088.000000
      Vertex   +00006.697693,-00035.989243,+00088.000000
   End Polygon
   Begin Polygon Item=OUTSIDE Link=13
      Origin   -00008.000000,-00088.000000,+00088.000000
      Normal   +00000.000000,+00000.000000,+00001.000000
      TextureU +00000.000000,+00001.000000,+00000.000000
      TextureV -00001.000000,+00000.000000,+00000.000000
      Vertex   -00003.847778,+00075.457870,+00088.000000
      Vertex   -00003.847778,+00050.912369,+00088.000000
      Vertex   -00000.442810,+00050.912369,+00088.000000
      Vertex   -00000.442810,+00075.457870,+00088.000000
   End Polygon
   Begin Polygon Item=OUTSIDE Link=14
      Origin   -00008.000000,-00088.000000,+00088.000000
      Normal   +00000.000000,+00000.000000,+00001.000000
      TextureU +00000.000000,+00001.000000,+00000.000000
      TextureV -00001.000000,+00000.000000,+00000.000000
      Vertex   -00003.847778,+00050.912369,+00088.000000
      Vertex   -00003.847778,+00046.773834,+00088.000000
      Vertex   +00003.292725,+00046.773834,+00088.000000
      Vertex   +00003.292725,+00050.912369,+00088.000000
   End Polygon
   Begin Polygon Item=OUTSIDE Link=15
      Origin   -00008.000000,-00088.000000,+00088.000000
      Normal   +00000.000000,+00000.000000,+00001.000000
      TextureU +00000.000000,+00001.000000,+00000.000000
      TextureV -00001.000000,+00000.000000,+00000.000000
      Vertex   +00006.697693,+00075.457870,+00088.000000
      Vertex   +00003.292725,+00075.457870,+00088.000000
      Vertex   +00003.292725,+00046.773834,+00088.000000
      Vertex   +00006.697693,+00046.773834,+00088.000000
   End Polygon
   Begin Polygon Texture=AF_LiftMetl_A Link=16
      Origin   +00006.697693,-00028.301773,-00077.561234
      Normal   +00000.726427,-00000.399064,-00000.559510
      TextureU +00000.316155,+00000.916925,-00000.243505
      TextureV +00000.610197,+00000.000000,+00000.792250
      Vertex   +00006.697693,-00022.527573,-00081.679611
      Vertex   +00006.697693,-00028.301773,-00077.561234
      Vertex   +00005.855286,-00028.301773,-00078.654953
      Vertex   +00005.855286,-00022.527573,-00082.773331
   End Polygon
   Begin Polygon Texture=AF_LiftMetl_A Link=17
      Origin   +00006.697693,-00076.908234,-00049.164093
      Normal   +00001.000000,+00000.000000,+00000.000000
      TextureU -00000.000002,-00000.999327,-00000.036692
      TextureV +00000.000000,+00000.036692,-00000.999327
      Vertex   +00006.697693,-00057.563263,-00060.512421
      Vertex   +00006.697693,-00049.972412,-00054.916534
      Vertex   +00006.697693,-00057.380066,-00049.726166
      Vertex   +00006.697693,-00058.151592,-00049.726166
   End Polygon
   Begin Polygon Texture=AF_LiftMetl_A Link=18
      Origin   -00003.005432,-00081.963043,-00082.196899
      Normal   +00000.000000,-00001.000000,+00000.000000
      TextureU -00000.000000,+00000.000000,+00001.000000
      TextureV -00001.000000,+00000.000000,-00000.000000
      Vertex   +00006.697693,-00081.963043,-00081.103180
      Vertex   +00006.697693,-00081.963043,-00069.755112
      Vertex   +00003.519470,-00081.963043,-00069.755112
      Vertex   +00003.317932,-00081.963043,-00081.103180
      Vertex   +00003.292725,-00081.963043,-00082.196899
      Vertex   +00005.855286,-00081.963043,-00082.196899
   End Polygon
   Begin Polygon Texture=AF_LiftMetl_A Link=19
      Origin   -00000.442810,-00057.563263,-00061.606140
      Normal   +00000.000000,+00000.593380,-00000.804922
      TextureU +00000.000000,+00000.804922,+00000.593380
      TextureV +00001.000000,+00000.000000,+00000.000000
      Vertex   +00005.855286,-00057.563263,-00061.606140
      Vertex   +00003.292725,-00057.563263,-00061.606140
      Vertex   +00003.292725,-00049.972412,-00056.010246
      Vertex   +00005.855286,-00049.972412,-00056.010246
   End Polygon
   Begin Polygon Texture=AF_LiftMetl_A Link=20
      Origin   -00000.442810,-00081.963043,-00082.196899
      Normal   +00000.000000,+00000.000000,-00001.000000
      TextureU +00000.000000,+00001.000000,+00000.000000
      TextureV +00001.000000,+00000.000000,+00000.000000
      Vertex   +00005.855286,-00081.963043,-00082.196899
      Vertex   +00003.292725,-00081.963043,-00082.196899
      Vertex   +00003.292725,-00062.039429,-00082.196899
      Vertex   +00005.855286,-00062.039429,-00082.196899
   End Polygon
   Begin Polygon Texture=AF_LiftMetl_A Link=21
      Origin   -00000.442810,-00057.563263,-00061.606140
      Normal   +00000.000000,+00001.000000,+00000.000000
      TextureU -00000.988891,+00000.000000,+00000.148639
      TextureV +00000.148639,+00000.000000,+00000.988891
      Vertex   +00006.697693,-00057.563263,-00077.561234
      Vertex   +00005.855286,-00057.563263,-00078.654953
      Vertex   +00003.292725,-00057.563263,-00078.654953
      Vertex   +00003.292725,-00057.563263,-00061.606140
      Vertex   +00005.855286,-00057.563263,-00061.606140
      Vertex   +00006.697693,-00057.563263,-00061.705597
   End Polygon
   Begin Polygon Texture=AF_LiftMetl_A Link=22
      Origin   -00003.005432,-00062.039429,-00082.196899
      Normal   +00000.000000,+00000.620521,-00000.784189
      TextureU +00000.912281,-00000.321177,-00000.254144
      TextureV -00000.409565,-00000.715401,-00000.566090
      Vertex   +00005.855286,-00062.039429,-00082.196899
      Vertex   +00003.292725,-00062.039429,-00082.196899
      Vertex   +00003.292725,-00057.563263,-00078.654953
      Vertex   +00005.855286,-00057.563263,-00078.654953
   End Polygon
   Begin Polygon Texture=AF_LiftMetl_A Link=23
      Origin   +00006.697693,-00081.963043,-00081.103180
      Normal   +00000.792244,+00000.000000,-00000.610204
      TextureU +00000.000000,+00001.000000,+00000.000000
      TextureV +00000.610197,+00000.000000,+00000.792250
      Vertex   +00006.697693,-00081.963043,-00081.103180
      Vertex   +00005.855286,-00081.963043,-00082.196899
      Vertex   +00005.855286,-00062.039429,-00082.196899
      Vertex   +00006.697693,-00062.039429,-00081.103180
   End Polygon
   Begin Polygon Texture=AF_LiftMetl_A Link=24
      Origin   +00006.697693,-00062.039429,-00081.103180
      Normal   +00000.713432,+00000.434815,-00000.549501
      TextureU -00000.344479,+00000.900522,+00000.265320
      TextureV +00000.610197,+00000.000000,+00000.792250
      Vertex   +00006.697693,-00062.039429,-00081.103180
      Vertex   +00005.855286,-00062.039429,-00082.196899
      Vertex   +00005.855286,-00057.563263,-00078.654953
      Vertex   +00006.697693,-00057.563263,-00077.561234
   End Polygon
   Begin Polygon Texture=AF_LiftMetl_A Link=25
      Origin   +00005.768677,+00052.569046,-00047.999054
      Normal   +00000.781855,+00000.000000,+00000.623460
      TextureU +00000.385573,+00000.785829,-00000.483535
      TextureV -00000.489931,+00000.618444,+00000.614406
      Vertex   +00005.768677,-00075.735535,-00047.999054
      Vertex   +00006.697693,-00076.908234,-00049.164093
      Vertex   +00006.697693,-00058.182251,-00049.164093
      Vertex   +00005.768677,-00059.397903,-00047.999054
   End Polygon
   Begin Polygon Texture=AF_LiftMetl_A Link=26
      Origin   +00005.768677,+00052.569046,+00081.646133
      Normal   +00001.000000,+00000.000000,+00000.000000
      TextureU +00000.000000,+00001.000000,+00000.000000
      TextureV -00000.000000,+00000.000000,+00001.000000
      Vertex   +00005.768677,-00075.735535,-00047.999054
      Vertex   +00005.768677,-00059.397903,-00047.999054
      Vertex   +00005.768677,-00059.397903,+00081.646133
      Vertex   +00005.768677,-00075.735535,+00081.646133
   End Polygon
   Begin Polygon Texture=AF_LiftMetl_A Link=27
      Origin   +00005.768677,-00075.735535,+00081.646133
      Normal   +00000.783841,+00000.620961,+00000.000000
      TextureU +00000.378014,-00000.477174,-00000.793354
      TextureV -00000.492638,+00000.621867,-00000.608760
      Vertex   +00006.697693,-00076.908234,-00049.164093
      Vertex   +00005.768677,-00075.735535,-00047.999054
      Vertex   +00005.768677,-00075.735535,+00081.646133
      Vertex   +00006.697693,-00076.908234,+00082.794113
   End Polygon
   Begin Polygon Texture=AF_LiftMetl_A Link=28
      Origin   +00006.697693,-00057.563263,-00060.512421
      Normal   +00000.722508,+00000.410241,-00000.556493
      TextureU -00000.325010,+00000.911979,+00000.250325
      TextureV +00000.610197,+00000.000000,+00000.792250
      Vertex   +00006.697693,-00057.563263,-00060.512421
      Vertex   +00005.855286,-00057.563263,-00061.606140
      Vertex   +00005.855286,-00049.972412,-00056.010246
      Vertex   +00006.697693,-00049.972412,-00054.916534
   End Polygon
   Begin Polygon Texture=AF_LiftMetl_A Link=29
      Origin   -00000.442810,-00057.563263,-00061.606140
      Normal   +00000.000000,+00001.000000,+00000.000000
      TextureU -00000.988891,+00000.000000,+00000.148639
      TextureV +00000.148639,+00000.000000,+00000.988891
      Vertex   +00005.855286,-00057.563263,-00061.606140
      Vertex   +00006.697693,-00057.563263,-00060.512421
      Vertex   +00006.697693,-00057.563263,-00061.705597
   End Polygon
   Begin Polygon Texture=AF_LiftMetl_A Link=30
      Origin   -00003.005432,-00081.963043,-00082.196899
      Normal   +00000.000000,-00001.000000,+00000.000000
      TextureU -00000.000000,+00000.000000,+00001.000000
      TextureV -00001.000000,+00000.000000,-00000.000000
      Vertex   +00003.317932,-00081.963043,-00081.103180
      Vertex   +00006.697693,-00081.963043,-00081.103180
      Vertex   +00006.697693,-00081.963043,-00069.755112
      Vertex   +00003.116821,-00081.963043,-00069.755112
   End Polygon
   Begin Polygon Texture=AF_LiftMetl_A Link=31
      Origin   -00003.005432,-00081.963043,-00082.196899
      Normal   +00000.000000,-00001.000000,+00000.000000
      TextureU -00000.000000,+00000.000000,+00001.000000
      TextureV -00001.000000,+00000.000000,-00000.000000
      Vertex   +00003.838257,-00081.963043,-00043.000549
      Vertex   +00003.292725,-00081.963043,-00068.089554
      Vertex   +00003.519470,-00081.963043,-00069.755112
      Vertex   +00006.697693,-00081.963043,-00069.755112
      Vertex   +00006.487061,-00081.963043,-00067.269264
      Vertex   +00006.697693,-00081.963043,-00066.995827
      Vertex   +00006.697693,-00081.963043,-00061.705597
      Vertex   +00006.697693,-00081.963043,-00039.287987
   End Polygon
   Begin Polygon Texture=AF_LiftMetl_A Link=32
      Origin   -00003.005432,-00081.963043,-00082.196899
      Normal   +00000.000000,-00001.000000,+00000.000000
      TextureU -00000.000000,+00000.000000,+00001.000000
      TextureV -00001.000000,+00000.000000,-00000.000000
      Vertex   +00005.404480,-00081.963043,-00069.755112
      Vertex   +00005.214661,-00081.963043,-00068.089554
      Vertex   +00003.292725,-00081.963043,-00068.089554
      Vertex   +00003.116821,-00081.963043,-00069.755112
   End Polygon
   Begin Polygon Texture=AF_LiftMetl_A Link=33
      Origin   -00003.005432,-00081.963043,-00082.196899
      Normal   +00000.000000,-00001.000000,+00000.000000
      TextureU -00000.000000,+00000.000000,+00001.000000
      TextureV -00001.000000,+00000.000000,-00000.000000
      Vertex   +00006.158142,-00081.963043,-00069.755112
      Vertex   +00006.065918,-00081.963043,-00067.816124
      Vertex   +00005.214661,-00081.963043,-00068.089554
      Vertex   +00005.404480,-00081.963043,-00069.755112
   End Polygon
   Begin Polygon Texture=AF_LiftMetl_A Link=34
      Origin   -00003.005432,-00081.963043,-00082.196899
      Normal   +00000.000000,-00001.000000,+00000.000000
      TextureU -00000.000000,+00000.000000,+00001.000000
      TextureV -00001.000000,+00000.000000,-00000.000000
      Vertex   +00006.487061,-00081.963043,-00067.269264
      Vertex   +00006.065918,-00081.963043,-00067.816124
      Vertex   +00006.158142,-00081.963043,-00069.755112
      Vertex   +00006.697693,-00081.963043,-00069.755112
      Vertex   +00006.697693,-00081.963043,-00066.995827
   End Polygon
   Begin Polygon Texture=AF_LiftMetl_A Link=35
      Origin   -00003.005432,-00081.963043,-00082.196899
      Normal   +00000.000000,-00001.000000,+00000.000000
      TextureU -00000.000000,+00000.000000,+00001.000000
      TextureV -00001.000000,+00000.000000,-00000.000000
      Vertex   +00003.292725,-00081.963043,-00068.089554
      Vertex   +00003.838257,-00081.963043,-00043.000549
      Vertex   -00000.420837,-00081.963043,-00048.530334
      Vertex   -00000.442810,-00081.963043,-00068.089554
      Vertex   -00000.266907,-00081.963043,-00069.755112
      Vertex   +00003.116821,-00081.963043,-00069.755112
   End Polygon
   Begin Polygon Texture=AF_LiftMetl_A Link=36
      Origin   +00006.697693,-00076.908234,-00049.164093
      Normal   +00001.000000,+00000.000000,+00000.000000
      TextureU -00000.000002,-00000.999327,-00000.036692
      TextureV +00000.000000,+00000.036692,-00000.999327
      Vertex   +00006.697693,-00081.963043,-00081.103180
      Vertex   +00006.697693,-00062.039429,-00081.103180
      Vertex   +00006.697693,-00057.563263,-00077.561234
      Vertex   +00006.697693,-00057.563263,-00061.705597
      Vertex   +00006.697693,-00081.963043,-00061.705597
   End Polygon
   Begin Polygon Texture=AF_LiftMetl_A Link=37
      Origin   +00006.697693,-00076.908234,-00049.164093
      Normal   +00001.000000,+00000.000000,+00000.000000
      TextureU -00000.000002,-00000.999327,-00000.036692
      TextureV +00000.000000,+00000.036692,-00000.999327
      Vertex   +00006.697693,-00068.116180,-00049.164093
      Vertex   +00006.697693,-00076.908234,-00049.164093
      Vertex   +00006.697693,-00076.908249,-00061.705597
      Vertex   +00006.697693,-00057.563263,-00061.705597
      Vertex   +00006.697693,-00057.563263,-00060.512421
      Vertex   +00006.697693,-00057.780148,-00056.536144
   End Polygon
   Begin Polygon Texture=AF_LiftMetl_A Link=38
      Origin   +00006.697693,-00076.908234,-00049.164093
      Normal   +00001.000000,+00000.000000,+00000.000000
      TextureU -00000.000002,-00000.999327,-00000.036692
      TextureV +00000.000000,+00000.036692,-00000.999327
      Vertex   +00006.697693,-00081.963043,-00061.705597
      Vertex   +00006.697693,-00076.908249,-00061.705597
      Vertex   +00006.697693,-00076.908234,+00082.794113
      Vertex   +00006.697693,-00081.514946,+00088.000000
      Vertex   +00006.697693,-00081.963043,+00088.000000
   End Polygon
   Begin Polygon Texture=AF_LiftMetl_A Link=39
      Origin   -00003.847778,-00062.039429,-00081.103180
      Normal   -00000.713457,+00000.434799,-00000.549481
      TextureU +00000.681519,+00000.248262,-00000.688403
      TextureV -00000.162906,-00000.865624,-00000.473451
      Vertex   -00003.005432,-00057.563263,-00078.654953
      Vertex   -00003.005432,-00062.039429,-00082.196899
      Vertex   -00003.847778,-00062.039429,-00081.103180
      Vertex   -00003.847778,-00057.563263,-00077.561234
   End Polygon
   Begin Polygon Texture=AF_LiftMetl_A Link=40
      Origin   -00003.005432,-00081.963043,-00082.196899
      Normal   +00000.000000,-00001.000000,+00000.000000
      TextureU -00000.000000,+00000.000000,+00001.000000
      TextureV -00001.000000,+00000.000000,-00000.000000
      Vertex   +00003.519470,-00081.963043,-00069.755112
      Vertex   +00003.116821,-00081.963043,-00069.755112
      Vertex   +00003.317932,-00081.963043,-00081.103180
      Vertex   +00003.292725,-00081.963043,-00082.196899
   End Polygon
   Begin Polygon Texture=AF_LiftMetl_A Link=41
      Origin   -00000.442810,+00016.054649,-00082.773331
      Normal   +00001.000000,+00000.000000,+00000.000000
      TextureU -00000.000000,-00000.609891,+00000.792486
      TextureV +00000.000000,-00000.792486,-00000.609891
      Vertex   -00000.442810,-00057.563263,-00078.654953
      Vertex   -00000.442810,-00057.563263,-00069.755112
      Vertex   -00000.442810,-00066.432266,-00069.755112
      Vertex   -00000.442810,-00062.039429,-00082.196899
   End Polygon
   Begin Polygon Texture=AF_LiftMetl_A Link=42
      Origin   +00003.116821,-00081.963043,-00069.755112
      Normal   +00000.000000,+00000.000000,-00001.000000
      TextureU +00000.000000,+00001.000000,+00000.000000
      TextureV +00001.000000,+00000.000000,+00000.000000
      Vertex   +00003.317932,-00046.126907,-00069.755112
      Vertex   +00003.292725,-00057.563263,-00069.755112
      Vertex   +00003.292725,-00077.570206,-00069.755112
      Vertex   +00003.116821,-00081.963043,-00069.755112
      Vertex   -00000.266907,-00081.963043,-00069.755112
      Vertex   -00000.442810,-00066.432266,-00069.755112
      Vertex   -00000.442810,+00046.773834,-00069.755112
      Vertex   +00003.298523,+00046.773834,-00069.755112
      Vertex   +00003.317932,+00032.932991,-00069.755112
      Vertex   +00003.292725,+00021.406029,-00069.755112
      Vertex   +00003.292725,-00028.301773,-00069.755112
   End Polygon
   Begin Polygon Texture=AF_LiftMetl_A Link=43
      Origin   +00003.292725,-00022.527573,-00082.773331
      Normal   -00000.999967,+00000.003701,-00000.007258
      TextureU +00000.000000,+00000.825494,-00000.564412
      TextureV +00000.000000,-00000.564145,-00000.825676
      Vertex   +00003.292725,-00057.563263,-00078.654953
      Vertex   +00003.292725,-00062.039429,-00082.196899
      Vertex   +00003.292725,-00081.963043,-00082.196899
      Vertex   +00003.116821,-00081.963043,-00069.755112
      Vertex   +00003.292725,-00057.563263,-00069.755112
   End Polygon
   Begin Polygon Texture=AF_LiftMetl_A Link=44
      Origin   +00003.292725,-00022.527573,-00082.773331
      Normal   -00000.998458,+00000.005598,+00000.055230
      TextureU +00000.000000,+00000.825494,-00000.564412
      TextureV +00000.000000,-00000.564145,-00000.825676
      Vertex   +00003.116821,-00081.963043,-00069.755112
      Vertex   +00003.292725,-00081.963043,-00068.089554
      Vertex   +00003.292725,-00067.020325,-00068.089554
      Vertex   +00003.292725,-00065.529488,-00069.755112
   End Polygon
   Begin Polygon Texture=AF_LiftMetl_A Link=45
      Origin   +00003.116821,-00081.963043,-00069.755112
      Normal   +00000.000000,+00000.000000,-00001.000000
      TextureU +00000.000000,+00001.000000,+00000.000000
      TextureV +00001.000000,+00000.000000,+00000.000000
      Vertex   +00003.317932,-00046.126907,-00069.755112
      Vertex   +00003.292725,-00057.563263,-00069.755112
      Vertex   +00003.292725,-00077.570206,-00069.755112
      Vertex   +00003.116821,-00081.963043,-00069.755112
      Vertex   -00000.266907,-00081.963043,-00069.755112
      Vertex   -00000.442810,-00066.432266,-00069.755112
      Vertex   -00000.442810,+00046.773834,-00069.755112
      Vertex   +00003.298523,+00046.773834,-00069.755112
      Vertex   +00003.317932,+00032.932991,-00069.755112
      Vertex   +00003.292725,+00021.406029,-00069.755112
      Vertex   +00003.292725,-00028.301773,-00069.755112
   End Polygon
   Begin Polygon Texture=AF_LiftMetl_A Link=46
      Origin   -00000.442810,-00057.563263,-00061.606140
      Normal   +00000.000000,+00001.000000,+00000.000000
      TextureU -00000.988891,+00000.000000,+00000.148639
      TextureV +00000.148639,+00000.000000,+00000.988891
      Vertex   -00000.442810,-00057.563263,-00069.755112
      Vertex   -00000.442810,-00057.563263,-00078.654953
      Vertex   -00003.005432,-00057.563263,-00078.654953
      Vertex   -00003.847778,-00057.563263,-00077.561234
      Vertex   -00003.847778,-00057.563263,-00069.755112
   End Polygon
   Begin Polygon Texture=AF_LiftMetl_A Link=47
      Origin   -00003.847778,+00070.122345,-00049.164093
      Normal   -00001.000000,+00000.000000,+00000.000000
      TextureU +00000.000001,+00000.999250,-00000.038727
      TextureV -00000.000000,-00000.038727,-00000.999250
      Vertex   -00003.847778,-00057.563263,-00077.561234
      Vertex   -00003.847778,-00062.039429,-00081.103180
      Vertex   -00003.847778,-00081.963043,-00081.103180
      Vertex   -00003.847778,-00081.963043,-00069.755112
      Vertex   -00003.847778,-00057.563263,-00069.755112
   End Polygon
   Begin Polygon Texture=AF_LiftMetl_A Link=48
      Origin   -00003.847778,-00081.963043,-00081.103180
      Normal   -00000.792266,+00000.000000,-00000.610176
      TextureU +00000.608738,-00000.069125,-00000.790354
      TextureV -00000.042180,-00000.997608,+00000.054764
      Vertex   -00003.847778,-00062.039429,-00081.103180
      Vertex   -00003.005432,-00062.039429,-00082.196899
      Vertex   -00003.005432,-00081.963043,-00082.196899
      Vertex   -00003.847778,-00081.963043,-00081.103180
   End Polygon
   Begin Polygon Texture=AF_LiftMetl_A Link=49
      Origin   -00000.442810,-00081.963043,-00082.196899
      Normal   +00000.000000,+00000.000000,-00001.000000
      TextureU +00000.000000,+00001.000000,+00000.000000
      TextureV +00001.000000,+00000.000000,+00000.000000
      Vertex   -00000.442810,-00062.039429,-00082.196899
      Vertex   -00000.442810,-00081.963043,-00082.196899
      Vertex   -00003.005432,-00081.963043,-00082.196899
      Vertex   -00003.005432,-00062.039429,-00082.196899
   End Polygon
   Begin Polygon Texture=AF_LiftMetl_A Link=50
      Origin   -00003.005432,-00062.039429,-00082.196899
      Normal   +00000.000000,+00000.620521,-00000.784189
      TextureU +00000.912281,-00000.321177,-00000.254144
      TextureV -00000.409565,-00000.715401,-00000.566090
      Vertex   -00000.442810,-00057.563263,-00078.654953
      Vertex   -00000.442810,-00062.039429,-00082.196899
      Vertex   -00003.005432,-00062.039429,-00082.196899
      Vertex   -00003.005432,-00057.563263,-00078.654953
   End Polygon
   Begin Polygon Texture=AF_LiftMetl_A Link=51
      Origin   -00003.847778,+00070.122345,-00049.164093
      Normal   -00001.000000,+00000.000000,+00000.000000
      TextureU +00000.000001,+00000.999250,-00000.038727
      TextureV -00000.000000,-00000.038727,-00000.999250
      Vertex   -00003.847778,-00058.442959,-00069.755112
      Vertex   -00003.847778,-00081.963043,-00069.755112
      Vertex   -00003.847778,-00081.963043,-00052.979706
   End Polygon
   Begin Polygon Texture=AF_LiftMetl_A Link=52
      Origin   -00000.442810,-00057.563263,-00061.606140
      Normal   +00000.000000,+00001.000000,+00000.000000
      TextureU -00000.988891,+00000.000000,+00000.148639
      TextureV +00000.148639,+00000.000000,+00000.988891
      Vertex   -00003.364502,-00057.563263,-00069.755112
      Vertex   -00000.450806,-00057.563263,-00065.972046
      Vertex   -00000.442810,-00057.563263,-00069.755112
   End Polygon
   Begin Polygon Texture=AF_LiftMetl_A Link=53
      Origin   -00000.442810,+00016.054649,-00082.773331
      Normal   +00001.000000,+00000.000000,+00000.000000
      TextureU -00000.000000,-00000.609891,+00000.792486
      TextureV +00000.000000,-00000.792486,-00000.609891
      Vertex   -00000.442810,-00081.963043,-00082.196899
      Vertex   -00000.442810,-00062.039429,-00082.196899
      Vertex   -00000.442810,-00067.020325,-00068.089554
      Vertex   -00000.442810,-00081.963043,-00068.089554
   End Polygon
   Begin Polygon Texture=AF_LiftMetl_A Link=54
      Origin   -00000.468018,+00050.912354,-00054.018570
      Normal   -00000.999996,-00000.000541,-00000.002874
      TextureU -00000.000000,-00000.393123,+00000.919486
      TextureV +00000.000000,+00000.919486,+00000.393123
      Vertex   -00000.448059,-00053.830246,-00068.631012
      Vertex   -00000.442810,-00052.244690,-00069.755112
      Vertex   -00000.442810,-00057.563263,-00069.755112
      Vertex   -00000.450806,-00057.563263,-00065.972046
   End Polygon
   Begin Polygon Texture=AF_LiftMetl_A Link=55
      Origin   -00000.442810,+00016.054649,-00082.773331
      Normal   +00001.000000,+00000.000000,+00000.000000
      TextureU -00000.000000,-00000.609891,+00000.792486
      TextureV +00000.000000,-00000.792486,-00000.609891
      Vertex   -00000.442810,-00060.920380,-00067.204071
      Vertex   -00000.442810,-00060.172478,-00069.755112
      Vertex   -00000.442810,-00057.563263,-00069.755112
      Vertex   -00000.442810,-00057.563263,-00064.547607
   End Polygon
   Begin Polygon Texture=AF_LiftMetl_A Link=56
      Origin   -00000.442810,+00016.054649,-00082.773331
      Normal   +00001.000000,+00000.000000,+00000.000000
      TextureU -00000.000000,-00000.609891,+00000.792486
      TextureV +00000.000000,-00000.792486,-00000.609891
      Vertex   -00000.442810,-00060.172478,-00069.755112
      Vertex   -00000.442810,-00060.920380,-00067.204071
      Vertex   -00000.442810,-00067.020325,-00068.089554
      Vertex   -00000.442810,-00066.432266,-00069.755112
   End Polygon
   Begin Polygon Texture=AF_LiftMetl_A Link=57
      Origin   -00003.005432,-00081.963043,-00082.196899
      Normal   +00000.000000,-00001.000000,+00000.000000
      TextureU -00000.000000,+00000.000000,+00001.000000
      TextureV -00001.000000,+00000.000000,-00000.000000
      Vertex   -00003.847778,-00081.963043,-00081.103180
      Vertex   -00003.005432,-00081.963043,-00082.196899
      Vertex   -00002.918823,-00081.963043,-00081.401573
      Vertex   -00002.918823,-00081.963043,+00088.000000
      Vertex   -00003.847778,-00081.963043,+00088.000000
   End Polygon
   Begin Polygon Texture=AF_LiftMetl_A Link=58
      Origin   -00003.005432,-00081.963043,-00082.196899
      Normal   +00000.000000,-00001.000000,+00000.000000
      TextureU -00000.000000,+00000.000000,+00001.000000
      TextureV -00001.000000,+00000.000000,-00000.000000
      Vertex   -00003.847778,-00081.963043,-00069.755112
      Vertex   -00003.847778,-00081.963043,-00081.103180
      Vertex   -00000.468018,-00081.963043,-00081.103180
      Vertex   -00000.266907,-00081.963043,-00069.755112
   End Polygon
   Begin Polygon Texture=AF_LiftMetl_A Link=59
      Origin   -00003.005432,-00081.963043,-00082.196899
      Normal   +00000.000000,-00001.000000,+00000.000000
      TextureU -00000.000000,+00000.000000,+00001.000000
      TextureV -00001.000000,+00000.000000,-00000.000000
      Vertex   -00003.005432,-00081.963043,-00082.196899
      Vertex   -00000.442810,-00081.963043,-00082.196899
      Vertex   -00002.918823,-00081.963043,-00081.401573
   End Polygon
   Begin Polygon Texture=AF_LiftMetl_A Link=60
      Origin   -00003.005432,-00081.963043,-00082.196899
      Normal   +00000.000000,-00001.000000,+00000.000000
      TextureU -00000.000000,+00000.000000,+00001.000000
      TextureV -00001.000000,+00000.000000,-00000.000000
      Vertex   -00002.918823,-00081.963043,-00081.401573
      Vertex   -00000.442810,-00081.963043,-00082.196899
      Vertex   -00000.468018,-00081.963043,-00081.103180
      Vertex   -00000.266907,-00081.963043,-00069.755112
      Vertex   -00002.554565,-00081.963043,-00069.755112
      Vertex   -00002.918823,-00081.963043,-00072.951584
   End Polygon
   Begin Polygon Texture=AF_LiftMetl_A Link=61
      Origin   -00003.005432,-00081.963043,-00082.196899
      Normal   +00000.000000,-00001.000000,+00000.000000
      TextureU -00000.000000,+00000.000000,+00001.000000
      TextureV -00001.000000,+00000.000000,-00000.000000
      Vertex   -00002.918823,-00081.963043,-00072.951584
      Vertex   -00002.364746,-00081.963043,-00068.089554
      Vertex   -00002.918823,-00081.963043,-00067.911575
   End Polygon
   Begin Polygon Texture=AF_LiftMetl_A Link=62
      Origin   -00003.005432,-00081.963043,-00082.196899
      Normal   +00000.000000,-00001.000000,+00000.000000
      TextureU -00000.000000,+00000.000000,+00001.000000
      TextureV -00001.000000,+00000.000000,-00000.000000
      Vertex   -00003.308228,-00081.963043,-00069.755112
      Vertex   -00002.918823,-00081.963043,-00069.755112
      Vertex   -00002.918823,-00081.963043,-00067.911575
      Vertex   -00003.216003,-00081.963043,-00067.816124
   End Polygon
   Begin Polygon Texture=AF_LiftMetl_A Link=63
      Origin   -00003.005432,-00081.963043,-00082.196899
      Normal   +00000.000000,-00001.000000,+00000.000000
      TextureU -00000.000000,+00000.000000,+00001.000000
      TextureV -00001.000000,+00000.000000,-00000.000000
      Vertex   -00003.847778,-00081.963043,-00066.995827
      Vertex   -00003.847778,-00081.963043,-00069.755112
      Vertex   -00003.308228,-00081.963043,-00069.755112
      Vertex   -00003.216003,-00081.963043,-00067.816124
   End Polygon
   Begin Polygon Texture=AF_LiftMetl_A Link=64
      Origin   -00003.005432,-00081.963043,-00082.196899
      Normal   +00000.000000,-00001.000000,+00000.000000
      TextureU -00000.000000,+00000.000000,+00001.000000
      TextureV -00001.000000,+00000.000000,-00000.000000
      Vertex   -00000.858582,-00081.963043,-00049.098671
      Vertex   -00000.442810,-00081.963043,-00068.089554
      Vertex   -00000.266907,-00081.963043,-00069.755112
      Vertex   +00003.116821,-00081.963043,-00069.755112
      Vertex   +00003.292725,-00081.963043,-00068.089554
      Vertex   +00003.265381,-00081.963043,-00043.744331
   End Polygon
   Begin Polygon Texture=AF_LiftMetl_A Link=65
      Origin   -00003.005432,-00081.963043,-00082.196899
      Normal   +00000.000000,-00001.000000,+00000.000000
      TextureU -00000.000000,+00000.000000,+00001.000000
      TextureV -00001.000000,+00000.000000,-00000.000000
      Vertex   +00003.292725,-00081.963043,-00068.089554
      Vertex   +00003.116821,-00081.963043,-00069.755112
      Vertex   +00003.519470,-00081.963043,-00069.755112
   End Polygon
   Begin Polygon Texture=AF_LiftMetl_A Link=66
      Origin   -00003.005432,-00081.963043,-00082.196899
      Normal   +00000.000000,-00001.000000,+00000.000000
      TextureU -00000.000000,+00000.000000,+00001.000000
      TextureV -00001.000000,+00000.000000,-00000.000000
      Vertex   -00000.266907,-00081.963043,-00069.755112
      Vertex   -00000.442810,-00081.963043,-00068.089554
      Vertex   -00002.364746,-00081.963043,-00068.089554
      Vertex   -00002.554565,-00081.963043,-00069.755112
   End Polygon
   Begin Polygon Texture=AF_LiftMetl_A Link=67
      Origin   -00003.005432,-00081.963043,-00082.196899
      Normal   +00000.000000,-00001.000000,+00000.000000
      TextureU -00000.000000,+00000.000000,+00001.000000
      TextureV -00001.000000,+00000.000000,-00000.000000
      Vertex   -00000.266907,-00081.963043,-00069.755112
      Vertex   -00000.442810,-00081.963043,-00068.089554
      Vertex   -00000.858582,-00081.963043,-00049.098671
      Vertex   -00002.918823,-00081.963043,-00051.773590
      Vertex   -00002.918823,-00081.963043,-00067.911575
      Vertex   -00002.918823,-00081.963043,-00069.755112
   End Polygon
   Begin Polygon Texture=AF_LiftMetl_A Link=68
      Origin   +00003.317932,+00032.932991,-00061.705597
      Normal   +00000.999857,-00000.004933,+00000.016203
      TextureU -00000.000000,-00000.393123,+00000.919486
      TextureV +00000.000000,-00000.919486,-00000.393123
      Vertex   +00003.317932,-00046.126907,-00069.755112
      Vertex   +00003.292725,-00028.301773,-00069.755112
      Vertex   +00003.317932,-00028.301773,-00064.327881
      Vertex   +00003.116821,-00046.126907,-00064.327881
   End Polygon
   Begin Polygon Texture=AF_LiftMetl_A Link=69
      Origin   +00003.317932,+00032.932991,-00061.705597
      Normal   +00000.999998,-00000.001722,+00000.000459
      TextureU -00000.000000,-00000.393123,+00000.919486
      TextureV +00000.000000,-00000.919486,-00000.393123
      Vertex   +00003.307434,-00056.703739,-00061.705597
      Vertex   +00003.292725,-00057.222351,-00061.354824
      Vertex   +00003.306580,-00057.563263,-00061.093658
      Vertex   +00003.292725,-00057.563263,-00061.606140
      Vertex   +00003.292725,-00057.563263,-00064.547607
      Vertex   +00003.292725,-00057.563263,-00069.755112
      Vertex   +00003.317932,-00046.126907,-00069.755112
      Vertex   +00003.299561,-00046.126907,-00069.259628
   End Polygon
   Begin Polygon Texture=AF_LiftMetl_A Link=70
      Origin   +00003.292725,-00022.527573,-00082.773331
      Normal   -00001.000000,+00000.000000,+00000.000000
      TextureU +00000.000000,+00000.825494,-00000.564412
      TextureV +00000.000000,-00000.564145,-00000.825676
      Vertex   +00003.292725,-00057.563263,-00064.547607
      Vertex   +00003.292725,-00057.563263,-00069.755112
      Vertex   +00003.292725,-00060.172478,-00069.755112
      Vertex   +00003.292725,-00060.920380,-00067.204071
   End Polygon
   Begin Polygon Texture=AF_LiftMetl_A Link=71
      Origin   +00003.292725,-00022.527573,-00082.773331
      Normal   -00001.000000,+00000.000000,+00000.000000
      TextureU +00000.000000,+00000.825494,-00000.564412
      TextureV +00000.000000,-00000.564145,-00000.825676
      Vertex   +00003.292725,-00060.920380,-00067.204071
      Vertex   +00003.292725,-00060.172478,-00069.755112
      Vertex   +00003.292725,-00065.529488,-00069.755112
      Vertex   +00003.292725,-00067.020325,-00068.089554
   End Polygon
   Begin Polygon Texture=AF_LiftMetl_A Link=72
      Origin   -00000.468018,+00050.912354,-00054.018570
      Normal   -00001.000000,+00000.000000,+00000.000000
      TextureU -00000.000000,-00000.393123,+00000.919486
      TextureV +00000.000000,+00000.919486,+00000.393123
      Vertex   -00000.468018,+00039.519920,-00061.705597
      Vertex   -00000.468018,+00032.932991,-00061.705597
      Vertex   -00000.468018,+00021.406029,-00054.018570
      Vertex   -00000.468018,+00050.912354,-00054.018570
   End Polygon
   Begin Polygon Texture=AF_LiftMetl_A Link=73
      Origin   -00003.847778,+00070.122345,-00049.164093
      Normal   -00001.000000,+00000.000000,+00000.000000
      TextureU +00000.000001,+00000.999250,-00000.038727
      TextureV -00000.000000,-00000.038727,-00000.999250
      Vertex   -00003.847778,+00043.321533,-00054.916534
