Begin PolyList
   Begin Polygon Item=OUTSIDE Link=0
      Origin   -00008.000000,+00088.000000,-00088.000000
      Normal   +00000.000000,+00000.000000,-00001.000000
      TextureU +00000.000000,-00001.000000,+00000.000000
      TextureV -00001.000000,+00000.000000,+00000.000000
      Vertex   -00000.690613,-00050.104790,-00088.000000
      Vertex   -00000.690613,-00031.593216,-00088.000000
      Vertex   +00003.519470,-00031.593216,-00088.000000
      Vertex   +00003.519470,-00050.104790,-00088.000000
   End Polygon
   Begin Polygon Texture=AF_LiftMetl_A Link=1
      Origin   +00003.519470,-00044.816193,-00017.496628
      Normal   +00001.000000,+00000.000000,+00000.000000
      TextureU +00000.000000,+00001.000000,+00000.000000
      TextureV -00000.000000,+00000.000000,+00001.000000
      Vertex   +00003.519470,+00037.912056,-00017.496628
      Vertex   +00003.519470,+00034.227753,-00017.496628
      Vertex   +00003.519470,+00034.227753,-00083.922485
      Vertex   +00003.519470,+00037.912056,-00083.922485
   End Polygon
   Begin Polygon Texture=AF_LiftMetl_A Link=2
      Origin   +00005.630127,-00049.089157,+00087.361816
      Normal   +00000.829353,+00000.001648,+00000.558723
      TextureU -00000.001367,+00000.999999,-00000.000921
      TextureV -00000.558713,+00000.000000,+00000.829361
      Vertex   +00006.683228,-00036.865479,+00085.762558
      Vertex   +00005.630127,-00036.865479,+00087.325745
      Vertex   +00005.630127,-00049.089157,+00087.361816
      Vertex   +00006.683228,-00049.089157,+00085.798615
   End Polygon
   Begin Polygon Texture=AF_LiftMetl_A Link=3
      Origin   -00003.854370,+00075.593445,-00083.922485
      Normal   +00000.000000,+00000.000000,-00001.000000
      TextureU -00000.951012,-00000.309154,+00000.000000
      TextureV -00000.309154,+00000.951012,+00000.000000
      Vertex   +00003.519470,+00031.216492,-00083.922485
      Vertex   +00006.683228,+00028.953583,-00083.922485
      Vertex   +00006.683228,-00035.865921,-00083.922485
      Vertex   +00003.519470,-00041.131897,-00083.922485
      Vertex   +00003.292725,-00035.865921,-00083.922485
   End Polygon
   Begin Polygon Texture=AF_LiftMetl_A Link=4
      Origin   -00000.339294,-00031.375961,+00083.222900
      Normal   -00000.001883,+00000.999997,-00000.001269
      TextureU -00001.000000,+00000.000000,-00000.000000
      TextureV +00000.000000,+00000.001269,+00000.999999
      Vertex   +00005.630127,-00031.396790,+00066.807693
      Vertex   +00006.683228,-00031.375961,+00081.659698
      Vertex   +00006.683228,-00031.396790,+00065.244507
   End Polygon
   Begin Polygon Texture=AF_LiftMetl_A Link=5
      Origin   -00000.339294,+00024.480217,+00083.194199
      Normal   +00000.000000,-00001.000000,+00000.000000
      TextureU +00000.000000,+00000.000000,-00001.000000
      TextureV +00001.000000,+00000.000000,+00000.000000
      Vertex   +00005.630127,+00024.480255,+00066.725388
      Vertex   +00006.683228,+00024.480255,+00065.162186
      Vertex   +00006.683228,+00024.480255,+00066.725380
   End Polygon
   Begin Polygon Texture=AF_LiftMetl_A Link=6
      Origin   +00006.683228,-00036.865479,+00085.762558
      Normal   +00001.000000,+00000.000000,+00000.000000
      TextureU +00000.000000,+00000.966268,+00000.257540
      TextureV -00000.000000,-00000.257540,+00000.966268
      Vertex   +00006.683228,-00028.150009,+00062.774658
      Vertex   +00006.683228,-00028.150009,+00054.061783
      Vertex   +00006.683228,-00016.696365,+00054.061775
   End Polygon
   Begin Polygon Texture=AF_LiftMetl_A Link=7
      Origin   +00005.642212,+00019.731544,+00052.575699
      Normal   +00000.819041,+00000.000000,-00000.573735
      TextureU +00000.335241,-00000.811527,+00000.478579
      TextureV -00000.465600,-00000.584315,-00000.664675
      Vertex   +00006.683228,-00028.150009,+00054.061783
      Vertex   +00005.642212,-00026.670975,+00052.575699
      Vertex   +00005.642212,+00019.731544,+00052.575699
      Vertex   +00006.683167,+00021.037933,+00054.061752
   End Polygon
   Begin Polygon Texture=AF_LiftMetl_A Link=8
      Origin   +00006.683228,-00028.150009,+00054.061783
      Normal   +00000.817749,+00000.575575,+00000.000000
      TextureU -00000.575561,+00000.817759,+00000.000000
      TextureV -00000.000000,+00000.000000,+00001.000000
      Vertex   +00005.642212,-00026.670975,+00052.575699
      Vertex   +00006.683228,-00028.150009,+00054.061783
      Vertex   +00006.683228,-00028.149994,-00078.541489
      Vertex   +00005.642212,-00026.670975,-00077.057388
   End Polygon
   Begin Polygon Texture=AF_LiftMetl_A Link=9
      Origin   +00005.642212,+00019.731544,+00052.575699
      Normal   +00001.000000,+00000.000000,+00000.000000
      TextureU +00000.000000,+00000.000000,-00001.000000
      TextureV +00000.000000,+00001.000000,+00000.000000
      Vertex   +00005.642212,-00026.670975,+00052.575699
      Vertex   +00005.642212,-00026.670975,-00077.057388
      Vertex   +00005.642212,+00019.731544,-00077.057388
      Vertex   +00005.642212,+00019.731544,+00052.575699
   End Polygon
   Begin Polygon Texture=AF_LiftMetl_A Link=10
      Origin   +00005.642212,+00019.731544,-00077.057388
      Normal   +00000.818681,+00000.000000,+00000.574249
      TextureU +00000.574242,+00000.000000,-00000.818686
      TextureV +00000.000000,+00001.000000,+00000.000000
      Vertex   +00005.642212,-00026.670975,-00077.057388
      Vertex   +00006.683228,-00028.149994,-00078.541489
      Vertex   +00006.683167,+00021.037918,-00078.541458
      Vertex   +00005.642212,+00019.731544,-00077.057388
   End Polygon
   Begin Polygon Texture=AF_LiftMetl_A Link=11
      Origin   +00005.642212,+00019.731544,+00052.575699
      Normal   +00000.782079,-00000.623179,+00000.000000
      TextureU +00000.623132,+00000.782013,+00000.012739
      TextureV -00000.007938,-00000.009963,+00000.999919
      Vertex   +00006.683167,+00021.037918,-00078.541458
      Vertex   +00006.683167,+00021.037933,+00054.061752
      Vertex   +00005.642212,+00019.731544,+00052.575699
      Vertex   +00005.642212,+00019.731544,-00077.057388
   End Polygon
   Begin Polygon Texture=AF_LiftMetl_A Link=12
      Origin   +00005.630127,-00023.742737,+00060.985199
      Normal   +00000.763272,+00000.391161,+00000.514207
      TextureU +00000.634946,-00000.307121,-00000.708887
      TextureV -00000.119364,+00000.867568,-00000.482781
      Vertex   +00005.630127,-00023.742737,+00060.985199
      Vertex   +00005.630127,-00031.396790,+00066.807693
      Vertex   +00006.683228,-00031.396790,+00065.244507
      Vertex   +00006.683228,-00023.742737,+00059.422012
   End Polygon
   Begin Polygon Texture=AF_LiftMetl_A Link=13
      Origin   -00000.339294,-00023.742737,+00060.985199
      Normal   +00000.000000,+00000.000000,+00001.000000
      TextureU -00000.998165,-00000.060555,+00000.000000
      TextureV +00000.060555,-00000.998165,-00000.000000
      Vertex   +00005.630127,-00023.742737,+00060.985199
      Vertex   +00005.630127,+00016.838898,+00060.985199
      Vertex   +00003.168152,+00016.838898,+00060.985199
      Vertex   +00003.168152,-00023.742737,+00060.985199
   End Polygon
   Begin Polygon Texture=AF_LiftMetl_A Link=14
      Origin   -00000.339294,+00016.838898,+00060.985199
      Normal   +00000.000000,-00000.600614,+00000.799539
      TextureU -00000.968386,-00000.199451,-00000.149828
      TextureV +00000.249458,-00000.774263,-00000.581626
      Vertex   +00005.630127,+00016.838898,+00060.985199
      Vertex   +00005.630127,+00024.480255,+00066.725388
      Vertex   +00003.168152,+00024.480255,+00066.725388
      Vertex   +00003.168152,+00016.838898,+00060.985199
   End Polygon
   Begin Polygon Texture=AF_LiftMetl_A Link=15
      Origin   +00006.683228,+00016.838898,+00059.422012
      Normal   +00000.764728,-00000.387007,+00000.515186
      TextureU -00000.644345,-00000.459310,+00000.611436
      TextureV -00000.000000,-00000.799540,-00000.600613
      Vertex   +00006.683228,+00024.480255,+00065.162186
      Vertex   +00005.630127,+00024.480255,+00066.725388
      Vertex   +00005.630127,+00016.838898,+00060.985199
      Vertex   +00006.683228,+00016.838898,+00059.422012
   End Polygon
   Begin Polygon Texture=AF_LiftMetl_A Link=16
      Origin   +00006.683228,+00016.838898,+00059.422012
      Normal   +00000.829353,+00000.000000,+00000.558725
      TextureU -00000.000000,-00001.000000,+00000.000000
      TextureV +00000.558713,-00000.000002,-00000.829361
      Vertex   +00005.630127,+00016.838898,+00060.985199
      Vertex   +00005.630127,-00023.742737,+00060.985199
      Vertex   +00006.683228,-00023.742737,+00059.422012
      Vertex   +00006.683228,+00016.838898,+00059.422012
   End Polygon
   Begin Polygon Texture=AF_LiftMetl_A Link=17
      Origin   -00000.339294,-00031.396790,+00066.807693
      Normal   +00000.000000,+00000.605440,+00000.795891
      TextureU -00001.000000,+00000.000000,-00000.000000
      TextureV -00000.000000,-00000.795891,+00000.605440
      Vertex   +00005.630127,-00031.396790,+00066.807693
      Vertex   +00005.630127,-00023.742737,+00060.985199
      Vertex   +00003.168152,-00023.742737,+00060.985199
      Vertex   +00003.168152,-00031.396790,+00066.807693
   End Polygon
   Begin Polygon Texture=AF_LiftMetl_A Link=18
      Origin   +00006.683228,-00036.865479,+00085.762558
      Normal   +00001.000000,+00000.000001,-00000.000005
      TextureU +00000.000000,+00000.966268,+00000.257540
      TextureV -00000.000000,-00000.257540,+00000.966268
      Vertex   +00006.683228,-00023.742737,+00059.422012
      Vertex   +00006.683228,-00016.696365,+00054.061775
      Vertex   +00006.683167,+00021.037933,+00054.061752
      Vertex   +00006.683228,+00016.838898,+00059.422012
   End Polygon
   Begin Polygon Texture=AF_LiftMetl_A Link=19
      Origin   +00006.683228,-00036.865479,+00085.762558
      Normal   +00001.000000,+00000.000000,+00000.000000
      TextureU +00000.000000,+00000.966268,+00000.257540
      TextureV -00000.000000,-00000.257540,+00000.966268
      Vertex   +00006.683228,-00028.150009,+00062.774658
      Vertex   +00006.683228,-00031.396790,+00065.244507
      Vertex   +00006.683228,-00031.582268,-00080.935120
      Vertex   +00006.683228,-00028.149994,-00078.541489
   End Polygon
   Begin Polygon Texture=AF_LiftMetl_A Link=20
      Origin   +00006.683228,-00036.865479,+00085.762558
      Normal   +00001.000000,+00000.000001,+00000.000005
      TextureU +00000.000000,+00000.966268,+00000.257540
      TextureV -00000.000000,-00000.257540,+00000.966268
      Vertex   +00006.683228,+00021.406029,-00083.922485
      Vertex   +00006.683167,+00021.406029,-00078.791702
      Vertex   +00006.683167,+00021.037918,-00078.541458
      Vertex   +00006.683228,-00028.149994,-00078.541489
      Vertex   +00006.683228,-00035.865921,-00083.922485
   End Polygon
   Begin Polygon Texture=AF_LiftMetl_A Link=21
      Origin   +00006.683228,-00036.865479,+00085.762558
      Normal   +00001.000000,+00000.000000,+00000.000000
      TextureU +00000.000000,+00000.966268,+00000.257540
      TextureV -00000.000000,-00000.257540,+00000.966268
      Vertex   +00006.683228,+00024.480255,+00065.162186
      Vertex   +00006.683228,+00021.406029,+00062.852829
      Vertex   +00006.683228,+00021.406029,-00083.922485
      Vertex   +00006.683228,+00024.480217,-00083.922485
   End Polygon
   Begin Polygon Texture=AF_LiftMetl_A Link=22
      Origin   +00006.683228,-00036.865479,+00085.762558
      Normal   +00001.000000,+00000.000005,-00000.000007
      TextureU +00000.000000,+00000.966268,+00000.257540
      TextureV -00000.000000,-00000.257540,+00000.966268
      Vertex   +00006.683228,+00021.406029,+00062.852829
      Vertex   +00006.683228,+00016.838898,+00059.422012
      Vertex   +00006.683167,+00021.037933,+00054.061752
      Vertex   +00006.683167,+00021.406029,+00053.762039
   End Polygon
   Begin Polygon Texture=AF_LiftMetl_A Link=23
      Origin   +00006.683228,-00036.865479,+00085.762558
      Normal   +00001.000000,+00000.000000,+00000.000000
      TextureU +00000.000000,+00000.966268,+00000.257540
      TextureV -00000.000000,-00000.257540,+00000.966268
      Vertex   +00006.683167,+00021.037933,+00054.061752
      Vertex   +00006.683167,+00021.037918,-00078.541458
      Vertex   +00006.683167,+00021.406029,-00078.791702
      Vertex   +00006.683167,+00021.406029,+00053.762039
   End Polygon
   Begin Polygon Texture=AF_LiftMetl_A Link=24
      Origin   +00006.683228,-00035.899742,+00047.619110
      Normal   +00000.000000,+00000.000000,-00001.000000
      TextureU -00000.803143,+00000.595786,+00000.000000
      TextureV +00000.595786,+00000.803143,+00000.000000
      Vertex   +00006.683228,+00043.155579,+00047.619110
      Vertex   +00006.683228,+00028.950516,+00047.619110
      Vertex   -00003.854370,+00028.950516,+00047.619110
      Vertex   -00003.854370,+00043.155579,+00047.619110
   End Polygon
   Begin Polygon Texture=AF_LiftMetl_A Link=25
      Origin   -00003.854370,+00043.155579,+00047.619110
      Normal   +00000.000000,-00001.000000,+00000.000000
      TextureU +00000.974007,+00000.000000,+00000.226517
      TextureV -00000.226517,+00000.000000,+00000.974007
      Vertex   +00006.683228,+00043.155579,+00002.308334
      Vertex   +00006.683228,+00043.155579,+00047.619110
      Vertex   -00003.854370,+00043.155579,+00047.619110
      Vertex   -00003.854370,+00043.155579,+00002.308334
   End Polygon
   Begin Polygon Texture=AF_LiftMetl_A Link=26
      Origin   +00006.683228,+00028.950516,+00047.619110
      Normal   +00000.000000,+00001.000000,+00000.000000
      TextureU -00000.973956,+00000.000000,+00000.226738
      TextureV +00000.226738,+00000.000000,+00000.973956
      Vertex   +00006.683228,+00028.950516,+00047.619110
      Vertex   +00006.683228,+00028.950516,+00002.308334
      Vertex   -00003.854370,+00028.950516,+00002.308334
      Vertex   -00003.854370,+00028.950516,+00047.619110
   End Polygon
   Begin Polygon Texture=AF_LiftMetl_A Link=27
      Origin   +00003.519470,-00041.131897,-00017.496628
      Normal   +00000.854921,-00000.000006,-00000.518759
      TextureU +00000.339036,-00000.756884,+00000.558731
      TextureV -00000.392642,-00000.653549,-00000.647074
      Vertex   +00003.519470,+00034.227753,-00017.496628
      Vertex   +00003.519470,+00037.912056,-00017.496628
      Vertex   +00006.683228,+00043.178024,-00012.282822
      Vertex   +00006.683105,+00028.953690,-00012.282822
   End Polygon
   Begin Polygon Texture=AF_LiftMetl_A Link=28
      Origin   +00003.519470,+00037.912056,-00083.922485
      Normal   +00000.857193,-00000.514995,-00000.000000
      TextureU -00000.000000,+00000.000000,+00001.000000
      TextureV -00000.514990,-00000.857196,+00000.000000
      Vertex   +00003.519470,+00037.912056,-00017.496628
      Vertex   +00003.519470,+00037.912056,-00083.922485
      Vertex   +00006.683228,+00043.178040,-00083.922485
      Vertex   +00006.683228,+00043.178024,-00012.282822
   End Polygon
   Begin Polygon Texture=AF_LiftMetl_A Link=29
      Origin   +00003.519470,+00034.227753,-00083.922485
      Normal   +00000.857548,+00000.514403,+00000.000000
      TextureU +00000.514402,-00000.857549,-00000.000000
      TextureV +00000.000000,+00000.000000,-00001.000000
      Vertex   +00003.519470,+00034.227753,-00083.922485
      Vertex   +00003.519470,+00034.227753,-00017.496628
      Vertex   +00006.683105,+00028.953690,-00012.282822
      Vertex   +00006.683228,+00028.953583,-00083.922485
   End Polygon
   Begin Polygon Texture=AF_LiftMetl_A Link=30
      Origin   -00003.854370,-00035.899742,+00002.308334
      Normal   +00000.000000,+00000.000000,+00001.000000
      TextureU +00001.000000,+00000.000000,+00000.000000
      TextureV +00000.000000,+00001.000000,+00000.000000
      Vertex   +00006.683228,+00028.950516,+00002.308334
      Vertex   +00006.683228,+00043.155579,+00002.308334
      Vertex   -00003.854370,+00043.155579,+00002.308334
      Vertex   -00003.854370,+00028.950516,+00002.308334
   End Polygon
   Begin Polygon Texture=AF_LiftMetl_A Link=31
      Origin   +00006.683228,-00036.865479,+00085.762558
      Normal   +00001.000000,-00000.000004,-00000.000004
      TextureU +00000.000000,+00000.966268,+00000.257540
      TextureV -00000.000000,-00000.257540,+00000.966268
      Vertex   +00006.683228,+00043.178024,-00012.282822
      Vertex   +00006.683228,+00043.155579,+00002.308334
      Vertex   +00006.683228,+00028.950516,+00002.308334
      Vertex   +00006.683105,+00028.953690,-00012.282822
   End Polygon
   Begin Polygon Texture=AF_LiftMetl_A Link=32
      Origin   +00006.683228,-00036.865479,+00085.762558
      Normal   +00001.000000,+00000.000002,+00000.000000
      TextureU +00000.000000,+00000.966268,+00000.257540
      TextureV -00000.000000,-00000.257540,+00000.966268
      Vertex   +00006.683228,+00024.480217,-00083.922485
      Vertex   +00006.683228,+00028.953583,-00083.922485
      Vertex   +00006.683105,+00028.953690,-00012.282822
      Vertex   +00006.683228,+00028.950516,+00002.308334
      Vertex   +00006.683228,+00028.950516,+00047.619110
      Vertex   +00006.683167,+00024.480217,+00051.258949
   End Polygon
   Begin Polygon Texture=AF_LiftMetl_A Link=33
      Origin   +00006.683228,-00036.865479,+00085.762558
      Normal   +00001.000000,+00000.000000,+00000.000000
      TextureU +00000.000000,+00000.966268,+00000.257540
      TextureV -00000.000000,-00000.257540,+00000.966268
      Vertex   +00006.683228,+00043.155579,+00002.308334
      Vertex   +00006.683228,+00043.178024,-00012.282822
      Vertex   +00006.683228,+00043.178040,-00083.922485
      Vertex   +00006.683228,+00046.773834,-00083.922485
      Vertex   +00006.683228,+00046.773834,+00082.301964
      Vertex   +00006.683228,+00043.155579,+00085.014862
   End Polygon
   Begin Polygon Texture=AF_LiftMetl_A Link=34
      Origin   -00000.339294,+00042.134323,+00087.343781
      Normal   -00000.000002,+00000.599888,+00000.800084
      TextureU -00001.000000,+00000.000000,-00000.000000
      TextureV -00000.000000,-00000.800084,+00000.599888
      Vertex   +00003.168152,+00042.134323,+00087.343781
      Vertex   +00005.630127,+00042.134323,+00087.343781
      Vertex   +00005.630127,+00047.671265,+00083.192291
      Vertex   +00003.168152,+00047.671249,+00083.192291
   End Polygon
   Begin Polygon Texture=AF_LiftMetl_A Link=35
      Origin   -00000.339294,+00030.013428,+00087.343781
      Normal   +00000.000000,+00000.000000,+00001.000000
      TextureU -00000.979989,-00000.199052,+00000.000000
      TextureV +00000.199052,-00000.979989,-00000.000000
      Vertex   +00005.630127,+00030.013428,+00087.343781
      Vertex   +00005.630127,+00042.134323,+00087.343781
      Vertex   +00003.168152,+00042.134323,+00087.343781
      Vertex   +00003.168152,+00030.013428,+00087.343781
   End Polygon
   Begin Polygon Texture=AF_LiftMetl_A Link=36
      Origin   +00006.683228,+00047.671249,+00081.629089
      Normal   +00000.764947,+00000.386384,+00000.515329
      TextureU +00000.320447,-00000.922340,+00000.215877
      TextureV +00000.558713,-00000.000002,-00000.829361
      Vertex   +00005.630127,+00042.134323,+00087.343781
      Vertex   +00006.683228,+00042.134323,+00085.780579
      Vertex   +00006.683228,+00047.671249,+00081.629089
      Vertex   +00005.630127,+00047.671265,+00083.192291
   End Polygon
   Begin Polygon Texture=AF_LiftMetl_A Link=37
      Origin   -00000.339294,+00024.480217,+00083.194199
      Normal   +00000.000000,-00000.599970,+00000.800023
      TextureU -00000.942093,-00000.268288,-00000.201200
      TextureV +00000.335350,-00000.753696,-00000.565228
      Vertex   +00005.630127,+00024.480217,+00083.194199
      Vertex   +00005.630127,+00030.013428,+00087.343781
      Vertex   +00003.168152,+00030.013428,+00087.343781
      Vertex   +00003.168152,+00024.480217,+00083.194199
   End Polygon
   Begin Polygon Texture=AF_LiftMetl_A Link=38
      Origin   +00006.683228,+00024.480217,+00081.631012
      Normal   +00000.764920,-00000.386455,+00000.515315
      TextureU -00000.644119,-00000.458931,+00000.611959
      TextureV -00000.000000,-00000.800024,-00000.599968
      Vertex   +00005.630127,+00024.480217,+00083.194199
      Vertex   +00006.683228,+00024.480217,+00081.631012
      Vertex   +00006.683228,+00030.013428,+00085.780579
      Vertex   +00005.630127,+00030.013428,+00087.343781
   End Polygon
   Begin Polygon Texture=AF_LiftMetl_A Link=39
      Origin   +00006.683228,-00036.865479,+00085.762558
      Normal   +00001.000000,-00000.000001,-00000.000000
      TextureU +00000.000000,+00000.966268,+00000.257540
      TextureV -00000.000000,-00000.257540,+00000.966268
      Vertex   +00006.683228,+00043.155579,+00047.619110
      Vertex   +00006.683228,+00043.155579,+00085.014862
      Vertex   +00006.683228,+00042.134323,+00085.780579
      Vertex   +00006.683228,+00030.013428,+00085.780579
      Vertex   +00006.683228,+00024.480217,+00081.631012
      Vertex   +00006.683167,+00024.480217,+00051.258949
      Vertex   +00006.683228,+00028.950516,+00047.619110
   End Polygon
   Begin Polygon Texture=AF_LiftMetl_A Link=40
      Origin   -00000.339294,+00024.480217,+00083.194199
      Normal   -00000.000001,-00001.000000,-00000.000002
      TextureU +00000.000000,+00000.000000,-00001.000000
      TextureV +00001.000000,+00000.000000,+00000.000000
      Vertex   +00006.683228,+00024.480255,+00066.725380
      Vertex   +00006.683228,+00024.480217,+00081.631012
      Vertex   +00005.630127,+00024.480217,+00083.194199
      Vertex   +00003.168152,+00024.480217,+00083.194199
      Vertex   +00003.168152,+00024.480255,+00066.725388
   End Polygon
   Begin Polygon Texture=AF_LiftMetl_A Link=41
      Origin   -00000.339294,-00054.578674,+00083.176331
      Normal   -00000.000331,-00000.999999,-00000.001265
      TextureU +00000.000000,+00000.001265,-00000.999999
      TextureV +00001.000000,+00000.000000,+00000.000000
      Vertex   +00005.630127,-00054.557846,+00066.708603
      Vertex   +00006.683228,-00054.578674,+00081.613129
      Vertex   +00005.630127,-00054.578674,+00083.176331
      Vertex   +00003.168152,-00054.578674,+00083.176331
      Vertex   +00003.168152,-00054.557846,+00066.708603
   End Polygon
   Begin Polygon Texture=AF_LiftMetl_A Link=42
      Origin   +00005.630127,-00082.526978,+00060.985199
      Normal   +00000.000000,-00001.000000,+00000.000000
      TextureU +00000.162622,+00000.000000,-00000.986688
      TextureV +00000.986688,+00000.000000,+00000.162622
      Vertex   +00006.683228,-00082.526978,-00083.922485
      Vertex   +00006.683228,-00082.526978,+00059.422012
      Vertex   +00005.630127,-00082.526978,+00060.985199
      Vertex   -00000.339294,-00082.526978,+00060.985199
      Vertex   -00000.442810,-00082.526978,+00049.191589
      Vertex   -00000.442810,-00082.526978,-00083.922485
   End Polygon
   Begin Polygon Texture=AF_LiftMetl_A Link=43
      Origin   +00006.683228,-00036.865479,+00085.762558
      Normal   +00001.000000,+00000.000000,+00000.000000
      TextureU +00000.000000,+00000.966268,+00000.257540
      TextureV -00000.000000,-00000.257540,+00000.966268
      Vertex   +00006.683228,-00077.166672,-00078.541519
      Vertex   +00006.683228,-00077.166687,+00054.061813
      Vertex   +00006.683228,-00081.963043,+00058.858086
      Vertex   +00006.683228,-00081.963043,-00083.356384
   End Polygon
   Begin Polygon Texture=AF_LiftMetl_A Link=44
      Origin   +00005.642212,+00019.731544,+00052.575699
      Normal   +00000.819040,-00000.000000,-00000.573737
      TextureU +00000.335241,-00000.811527,+00000.478579
      TextureV -00000.465600,-00000.584315,-00000.664675
      Vertex   +00006.683228,-00077.166687,+00054.061813
      Vertex   +00005.642212,-00075.687592,+00052.575699
      Vertex   +00005.642212,-00059.158478,+00052.575699
      Vertex   +00006.683228,-00057.852119,+00054.061798
   End Polygon
   Begin Polygon Texture=AF_LiftMetl_A Link=45
      Origin   +00006.683228,-00077.166687,+00054.061813
      Normal   +00000.817764,+00000.575554,+00000.000003
      TextureU -00000.575561,+00000.817759,+00000.000000
      TextureV -00000.000000,+00000.000000,+00001.000000
      Vertex   +00005.642212,-00075.687592,+00052.575699
      Vertex   +00006.683228,-00077.166687,+00054.061813
      Vertex   +00006.683228,-00077.166687,+00049.802582
      Vertex   +00005.655579,-00075.706558,+00050.894409
   End Polygon
   Begin Polygon Texture=AF_LiftMetl_A Link=46
      Origin   +00005.642212,+00019.731544,+00052.575699
      Normal   +00001.000000,+00000.000404,+00000.000000
      TextureU +00000.000000,+00000.000000,-00001.000000
      TextureV +00000.000000,+00001.000000,+00000.000000
      Vertex   +00005.642212,-00075.687592,+00052.575699
      Vertex   +00005.655579,-00075.706558,+00050.894409
      Vertex   +00005.642212,-00075.687592,-00077.057388
      Vertex   +00005.642212,-00059.158478,-00077.057388
      Vertex   +00005.642212,-00059.158478,+00052.575699
   End Polygon
   Begin Polygon Texture=AF_LiftMetl_A Link=47
      Origin   +00005.642212,-00059.158478,+00052.575699
      Normal   +00000.782055,-00000.623209,+00000.000000
      TextureU +00000.623132,+00000.782013,+00000.012739
      TextureV -00000.007938,-00000.009963,+00000.999919
      Vertex   +00006.683228,-00057.852127,-00078.541504
      Vertex   +00006.683228,-00057.852119,+00054.061798
      Vertex   +00005.642212,-00059.158478,+00052.575699
      Vertex   +00005.642212,-00059.158478,-00077.057388
   End Polygon
   Begin Polygon Texture=AF_LiftMetl_A Link=48
      Origin   +00005.642212,+00019.731544,-00077.057388
      Normal   +00000.818680,-00000.000000,+00000.574251
      TextureU +00000.574242,+00000.000000,-00000.818686
      TextureV +00000.000000,+00001.000000,+00000.000000
      Vertex   +00006.683228,-00057.852127,-00078.541504
      Vertex   +00005.642212,-00059.158478,-00077.057388
      Vertex   +00005.642212,-00075.687592,-00077.057388
      Vertex   +00006.683228,-00077.166672,-00078.541519
   End Polygon
   Begin Polygon Texture=AF_LiftMetl_A Link=49
      Origin   +00006.683228,-00077.166687,+00054.061813
      Normal   +00000.817763,+00000.575555,-00000.000000
      TextureU -00000.575561,+00000.817759,+00000.000000
      TextureV -00000.000000,+00000.000000,+00001.000000
      Vertex   +00006.683228,-00077.166687,+00049.802582
      Vertex   +00006.683228,-00077.166672,-00078.541519
      Vertex   +00005.642212,-00075.687592,-00077.057388
      Vertex   +00005.655579,-00075.706558,+00050.894409
   End Polygon
   Begin Polygon Texture=AF_LiftMetl_A Link=50
      Origin   -00000.339294,-00023.742737,+00060.985199
      Normal   +00000.000000,+00000.000000,+00001.000000
      TextureU -00000.998165,-00000.060555,+00000.000000
      TextureV +00000.060555,-00000.998165,-00000.000000
      Vertex   +00005.630127,-00082.526978,+00060.985199
      Vertex   +00005.630127,-00062.211899,+00060.985199
      Vertex   +00003.168152,-00062.211899,+00060.985199
      Vertex   +00003.168152,-00082.526978,+00060.985199
   End Polygon
   Begin Polygon Texture=AF_LiftMetl_A Link=51
      Origin   -00000.339294,-00062.211899,+00060.985199
      Normal   +00000.000000,-00000.598852,+00000.800860
      TextureU -00000.968386,-00000.199779,-00000.149387
      TextureV +00000.249456,-00000.775541,-00000.579920
      Vertex   +00005.630127,-00062.211899,+00060.985199
      Vertex   +00005.630127,-00054.557846,+00066.708603
      Vertex   +00003.168152,-00054.557846,+00066.708603
      Vertex   +00003.168152,-00062.211899,+00060.985199
   End Polygon
   Begin Polygon Texture=AF_LiftMetl_A Link=52
      Origin   +00006.683228,-00062.211899,+00059.422012
      Normal   +00000.765250,-00000.385501,+00000.515540
      TextureU -00000.643724,-00000.458276,+00000.612864
      TextureV -00000.000000,-00000.800860,-00000.598852
      Vertex   +00006.683228,-00054.557846,+00065.145416
      Vertex   +00005.630127,-00054.557846,+00066.708603
      Vertex   +00005.630127,-00062.211899,+00060.985199
      Vertex   +00006.683228,-00062.211899,+00059.422012
   End Polygon
   Begin Polygon Texture=AF_LiftMetl_A Link=53
      Origin   +00006.683228,+00016.838898,+00059.422012
      Normal   +00000.829353,+00000.000000,+00000.558725
      TextureU -00000.000000,-00001.000000,+00000.000000
      TextureV +00000.558713,-00000.000002,-00000.829361
      Vertex   +00005.630127,-00062.211899,+00060.985199
      Vertex   +00005.630127,-00082.526978,+00060.985199
      Vertex   +00006.683228,-00082.526978,+00059.422012
      Vertex   +00006.683228,-00062.211899,+00059.422012
   End Polygon
   Begin Polygon Texture=AF_LiftMetl_A Link=54
      Origin   +00006.683228,-00036.865479,+00085.762558
      Normal   +00001.000000,+00000.000000,+00000.000000
      TextureU +00000.000000,+00000.966268,+00000.257540
      TextureV -00000.000000,-00000.257540,+00000.966268
      Vertex   +00006.683228,-00082.526978,+00059.422012
      Vertex   +00006.683228,-00082.526978,-00083.922485
      Vertex   +00006.683228,-00081.963043,-00083.922485
      Vertex   +00006.683228,-00081.963043,+00059.422012
   End Polygon
   Begin Polygon Texture=AF_LiftMetl_A Link=55
      Origin   +00006.683228,-00036.865479,+00085.762558
      Normal   +00001.000000,+00000.000000,+00000.000000
      TextureU +00000.000000,+00000.966268,+00000.257540
      TextureV -00000.000000,-00000.257540,+00000.966268
      Vertex   +00006.683228,-00081.963043,+00059.422012
      Vertex   +00006.683228,-00081.963043,+00058.858086
      Vertex   +00006.683228,-00077.166687,+00054.061813
      Vertex   +00006.683228,-00057.852119,+00054.061798
      Vertex   +00006.683228,-00062.211899,+00059.422012
   End Polygon
   Begin Polygon Texture=AF_LiftMetl_A Link=56
      Origin   +00006.683228,-00036.865479,+00085.762558
      Normal   +00001.000000,+00000.000000,+00000.000000
      TextureU +00000.000000,+00000.966268,+00000.257540
      TextureV -00000.000000,-00000.257540,+00000.966268
      Vertex   +00006.683228,-00054.548630,+00059.422012
      Vertex   +00006.683228,-00054.557846,+00065.145416
      Vertex   +00006.683228,-00062.211899,+00059.422012
      Vertex   +00006.683228,-00057.852119,+00054.061798
      Vertex   +00006.683228,-00054.538364,+00051.306076
   End Polygon
   Begin Polygon Texture=AF_LiftMetl_A Link=57
      Origin   +00006.683228,-00036.865479,+00085.762558
      Normal   +00001.000000,+00000.000000,+00000.000000
      TextureU +00000.000000,+00000.966268,+00000.257540
      TextureV -00000.000000,-00000.257540,+00000.966268
      Vertex   +00006.683228,-00057.852127,-00078.541504
      Vertex   +00006.683228,-00077.166672,-00078.541519
      Vertex   +00006.683228,-00081.963043,-00083.356384
      Vertex   +00006.683228,-00081.963043,-00083.922485
      Vertex   +00006.683228,-00050.090370,-00083.922485
   End Polygon
   Begin Polygon Texture=AF_LiftMetl_A Link=58
      Origin   +00006.683228,-00036.865479,+00085.762558
      Normal   +00001.000000,+00000.000005,+00000.000000
      TextureU +00000.000000,+00000.966268,+00000.257540
      TextureV -00000.000000,-00000.257540,+00000.966268
      Vertex   +00006.683228,-00057.852119,+00054.061798
      Vertex   +00006.683228,-00057.852127,-00078.541504
      Vertex   +00006.683228,-00050.090370,-00083.922485
      Vertex   +00006.683105,-00050.090263,-00012.282822
      Vertex   +00006.683228,-00050.104790,+00002.308334
      Vertex   +00006.683228,-00050.104790,+00047.619110
   End Polygon
   Begin Polygon Texture=AF_LiftMetl_A Link=59
      Origin   +00006.683228,-00035.899742,+00047.619110
      Normal   +00000.000000,+00000.000000,-00001.000000
      TextureU -00000.803143,+00000.595786,+00000.000000
      TextureV +00000.595786,+00000.803143,+00000.000000
      Vertex   +00006.683228,-00035.899742,+00047.619110
      Vertex   +00006.683228,-00050.104790,+00047.619110
      Vertex   -00003.854370,-00050.104790,+00047.619110
      Vertex   -00003.854370,-00035.899742,+00047.619110
   End Polygon
   Begin Polygon Texture=AF_LiftMetl_A Link=60
      Origin   -00003.854370,-00035.899742,+00002.308334
      Normal   +00000.000000,+00000.000000,+00001.000000
      TextureU +00001.000000,+00000.000000,+00000.000000
      TextureV +00000.000000,+00001.000000,+00000.000000
      Vertex   +00006.683228,-00050.104790,+00002.308334
      Vertex   +00006.683228,-00035.899742,+00002.308334
      Vertex   -00003.854370,-00035.899742,+00002.308334
      Vertex   -00003.854370,-00050.104790,+00002.308334
   End Polygon
   Begin Polygon Texture=AF_LiftMetl_A Link=61
      Origin   +00006.683228,-00050.104790,+00047.619110
      Normal   +00000.000000,+00001.000000,+00000.000000
      TextureU -00000.973956,+00000.000000,+00000.226738
      TextureV +00000.226738,+00000.000000,+00000.973956
      Vertex   +00006.683228,-00050.104790,+00047.619110
      Vertex   +00006.683228,-00050.104790,+00002.308334
      Vertex   -00003.854370,-00050.104790,+00002.308334
      Vertex   -00003.854370,-00050.104790,+00047.619110
   End Polygon
   Begin Polygon Texture=AF_LiftMetl_A Link=62
      Origin   -00003.854370,-00035.899742,+00047.619110
      Normal   +00000.000000,-00001.000000,+00000.000000
      TextureU +00000.974007,+00000.000000,+00000.226517
      TextureV -00000.226517,+00000.000000,+00000.974007
      Vertex   +00006.683228,-00035.899742,+00002.308334
      Vertex   +00006.683228,-00035.899742,+00047.619110
      Vertex   -00003.854370,-00035.899742,+00047.619110
      Vertex   -00003.854370,-00035.899742,+00002.308334
   End Polygon
   Begin Polygon Texture=AF_LiftMetl_A Link=63
      Origin   +00003.519470,-00041.131897,-00083.922485
      Normal   +00000.857193,-00000.514995,+00000.000000
      TextureU -00000.000000,+00000.000000,+00001.000000
      TextureV -00000.514990,-00000.857196,+00000.000000
      Vertex   +00006.683228,-00035.865921,-00083.922485
      Vertex   +00006.683228,-00035.865921,-00012.282822
      Vertex   +00003.519470,-00041.131897,-00017.496628
      Vertex   +00003.519470,-00041.131897,-00083.922485
   End Polygon
   Begin Polygon Texture=AF_LiftMetl_A Link=64
      Origin   +00003.519470,-00044.816193,-00083.922485
      Normal   +00000.857549,+00000.514403,+00000.000000
      TextureU +00000.514402,-00000.857549,-00000.000000
      TextureV +00000.000000,+00000.000000,-00001.000000
      Vertex   +00003.519470,-00044.816193,-00083.922485
      Vertex   +00003.519470,-00044.816193,-00017.496628
      Vertex   +00006.683105,-00050.090263,-00012.282822
      Vertex   +00006.683228,-00050.090370,-00083.922485
   End Polygon
   Begin Polygon Texture=AF_LiftMetl_A Link=65
      Origin   +00003.519470,-00041.131897,-00017.496628
      Normal   +00000.854921,-00000.000006,-00000.518759
      TextureU +00000.339036,-00000.756884,+00000.558731
      TextureV -00000.392642,-00000.653549,-00000.647074
      Vertex   +00003.519470,-00044.816193,-00017.496628
      Vertex   +00003.519470,-00041.131897,-00017.496628
      Vertex   +00006.683228,-00035.865921,-00012.282822
      Vertex   +00006.683105,-00050.090263,-00012.282822
   End Polygon
   Begin Polygon Texture=AF_LiftMetl_A Link=66
      Origin   -00000.339294,-00049.089157,+00087.361816
      Normal   +00000.000000,+00000.002951,+00000.999996
      TextureU -00000.980314,-00000.197442,+00000.000583
      TextureV +00000.197443,-00000.980310,+00000.002893
      Vertex   +00005.630127,-00049.089157,+00087.361816
      Vertex   +00005.630127,-00036.865479,+00087.325745
      Vertex   +00003.168152,-00036.865479,+00087.325745
      Vertex   +00003.168152,-00049.089157,+00087.361816
   End Polygon
   Begin Polygon Texture=AF_LiftMetl_A Link=67
      Origin   +00005.630127,-00031.375961,+00083.222900
      Normal   +00000.765307,+00000.385340,+00000.515576
      TextureU +00000.620381,-00000.228146,-00000.750385
      TextureV -00000.171525,+00000.894129,-00000.413658
      Vertex   +00006.683228,-00036.865479,+00085.762558
      Vertex   +00006.683228,-00031.375961,+00081.659698
      Vertex   +00005.630127,-00031.375961,+00083.222900
      Vertex   +00005.630127,-00036.865479,+00087.325745
   End Polygon
   Begin Polygon Texture=AF_LiftMetl_A Link=68
      Origin   -00000.339294,-00036.865479,+00087.325745
      Normal   +00000.000000,+00000.598664,+00000.801000
      TextureU -00001.000000,+00000.000000,-00000.000000
      TextureV -00000.000000,-00000.801000,+00000.598664
      Vertex   +00005.630127,-00036.865479,+00087.325745
      Vertex   +00005.630127,-00031.375961,+00083.222900
      Vertex   +00003.168152,-00031.375961,+00083.222900
      Vertex   +00003.168152,-00036.865479,+00087.325745
   End Polygon
   Begin Polygon Texture=AF_LiftMetl_A Link=69
      Origin   -00000.339294,-00054.578674,+00083.176331
      Normal   +00000.000000,-00000.606318,+00000.795222
      TextureU -00000.941891,-00000.267130,-00000.203674
      TextureV +00000.335919,-00000.749013,-00000.571085
      Vertex   +00005.630127,-00054.578674,+00083.176331
      Vertex   +00005.630127,-00049.089157,+00087.361816
      Vertex   +00003.168152,-00049.089157,+00087.361816
      Vertex   +00003.168152,-00054.578674,+00083.176331
   End Polygon
   Begin Polygon Texture=AF_LiftMetl_A Link=70
      Origin   +00006.683228,-00054.578674,+00081.613129
      Normal   +00000.763007,-00000.391918,+00000.514024
      TextureU -00000.646382,-00000.462629,+00000.606766
      TextureV -00000.000000,-00000.795222,-00000.606318
      Vertex   +00005.630127,-00054.578674,+00083.176331
      Vertex   +00006.683228,-00054.578674,+00081.613129
      Vertex   +00006.683228,-00049.089157,+00085.798615
      Vertex   +00005.630127,-00049.089157,+00087.361816
   End Polygon
   Begin Polygon Texture=AF_LiftMetl_A Link=71
      Origin   +00006.683228,-00036.865479,+00085.762558
      Normal   +00001.000000,+00000.000000,+00000.000000
      TextureU +00000.000000,+00000.966268,+00000.257540
      TextureV -00000.000000,-00000.257540,+00000.966268
      Vertex   +00006.683228,-00035.899742,+00047.619110
      Vertex   +00006.683228,-00031.414421,+00051.347939
      Vertex   +00006.683228,-00031.375961,+00081.659698
      Vertex   +00006.683228,-00036.865479,+00085.762558
      Vertex   +00006.683228,-00049.089157,+00085.798615
      Vertex   +00006.683228,-00054.578674,+00081.613129
      Vertex   +00006.683228,-00054.557846,+00065.145416
      Vertex   +00006.683228,-00054.548630,+00059.422012
      Vertex   +00006.683228,-00054.538364,+00051.306076
      Vertex   +00006.683228,-00050.104790,+00047.619110
   End Polygon
   Begin Polygon Texture=AF_LiftMetl_A Link=72
      Origin   +00006.683228,-00036.865479,+00085.762558
      Normal   +00001.000000,+00000.000000,+00000.000000
      TextureU +00000.000000,+00000.966268,+00000.257540
      TextureV -00000.000000,-00000.257540,+00000.966268
      Vertex   +00006.683228,-00031.414421,+00051.347939
      Vertex   +00006.683228,-00035.899742,+00047.619110
      Vertex   +00006.683228,-00035.899742,+00002.308334
      Vertex   +00006.683228,-00035.865921,-00012.282822
      Vertex   +00006.683228,-00035.865921,-00083.922485
      Vertex   +00006.683228,-00031.582268,-00080.935120
   End Polygon
   Begin Polygon Texture=AF_LiftMetl_A Link=73
      Origin   +00006.683228,-00036.865479,+00085.762558
      Normal   +00001.000000,-00000.000004,-00000.000004
      TextureU +00000.000000,+00000.966268,+00000.257540
      TextureV -00000.000000,-00000.257540,+00000.966268
      Vertex   +00006.683228,-00035.865921,-00012.282822
      Vertex   +00006.683228,-00035.899742,+00002.308334
      Vertex   +00006.683228,-00050.104790,+00002.308334
      Vertex   +00006.683105,-00050.090263,-00012.282822
   End Polygon
   Begin Polygon Texture=AF_LiftMetl_A Link=74
      Origin   +00006.683228,-00054.557846,+00065.145416
      Normal   -00000.001877,-00000.999997,-00000.001265
      TextureU -00000.999998,+00000.001877,+00000.000002
      TextureV +00000.000000,+00000.001265,-00000.999999
