Begin PolyList
   Begin Polygon Texture=747_metal Flags=1073741824 Link=0
      Origin   +00029.694923,+00000.000000,+00094.860001
      Normal   +00000.000000,+00000.000000,+00001.000000
      TextureU -00000.843888,-00000.536519,+00000.000000
      TextureV +00000.536519,-00000.843888,+00000.000000
      Vertex   +00029.694923,+00000.000000,+00094.860001
      Vertex   +00005.270000,+00038.417801,+00094.860001
      Vertex   +00000.000000,+00036.546700,+00094.860001
   End Polygon
   Begin Polygon Texture=747_metal Flags=1073741824 Link=0
      Origin   +00005.270000,+00038.417801,+00094.860001
      Normal   +00000.000000,+00000.000000,+00001.000000
      TextureU +00000.843888,+00000.536519,-00000.000000
      TextureV -00000.536519,+00000.843888,+00000.000000
      Vertex   +00005.270000,+00038.417801,+00094.860001
      Vertex   +00029.694923,+00000.000000,+00094.860001
      Vertex   +00032.203247,+00005.270000,+00094.860001
   End Polygon
   Begin Polygon Texture=747_metal Flags=1073741824 Link=0
      Origin   +00032.203247,+00005.270000,+00094.860001
      Normal   +00000.000000,+00000.000000,+00001.000000
      TextureU +00000.902940,-00000.429766,+00000.000000
      TextureV +00000.429766,+00000.902940,-00000.000000
      Vertex   +00032.203247,+00005.270000,+00094.860001
      Vertex   +00029.694923,+00000.000000,+00094.860001
      Vertex   +00032.203247,+00000.000000,+00094.860001
   End Polygon
   Begin Polygon Texture=747_metal Flags=1073741824 Link=0
      Origin   +00295.119995,+00036.546700,+00094.860001
      Normal   +00000.000000,+00000.000000,+00001.000000
      TextureU -00000.990131,-00000.140143,+00000.000000
      TextureV +00000.140143,-00000.990131,+00000.000000
      Vertex   +00295.119995,+00036.546700,+00094.860001
      Vertex   +00289.850006,+00073.779999,+00094.860001
      Vertex   +00289.850006,+00038.417801,+00094.860001
   End Polygon
   Begin Polygon Texture=747_metal Flags=1073741824 Link=0
      Origin   +00289.850006,+00073.779999,+00094.860001
      Normal   +00000.000000,+00000.000000,+00001.000000
      TextureU +00000.990131,+00000.140143,-00000.000000
      TextureV -00000.140143,+00000.990131,+00000.000000
      Vertex   +00289.850006,+00073.779999,+00094.860001
      Vertex   +00295.119995,+00036.546700,+00094.860001
      Vertex   +00295.119995,+00073.779999,+00094.860001
   End Polygon
   Begin Polygon Texture=747_metal Flags=1073741824 Link=5
      Origin   +00259.508728,+00073.779999,+00000.000000
      Normal   +00000.000000,+00000.000000,-00001.000000
      TextureU -00000.164043,+00000.986453,+00000.000000
      TextureV +00000.986453,+00000.164043,+00000.000000
      Vertex   +00259.508728,+00073.779999,+00000.000000
      Vertex   +00035.611282,+00036.546700,+00000.000000
      Vertex   +00035.611282,+00073.779999,+00000.000000
   End Polygon
   Begin Polygon Texture=747_metal Flags=1073741824 Link=5
      Origin   +00035.611282,+00036.546700,+00000.000000
      Normal   +00000.000000,+00000.000000,-00001.000000
      TextureU +00000.164043,-00000.986453,-00000.000000
      TextureV -00000.986453,-00000.164043,-00000.000000
      Vertex   +00035.611282,+00036.546700,+00000.000000
      Vertex   +00259.508728,+00073.779999,+00000.000000
      Vertex   +00259.508728,+00036.546700,+00000.000000
   End Polygon
   Begin Polygon Texture=747_metal Flags=1073741824 Link=7
      Origin   +00097.091423,+00000.000000,+00089.392372
      Normal   +00000.604255,+00000.000000,+00000.796791
      TextureU -00000.222778,-00000.960118,+00000.168946
      TextureV +00000.765014,-00000.279593,-00000.580156
      Vertex   +00097.091423,+00000.000000,+00089.392372
      Vertex   +00082.671829,+00005.270000,+00100.327621
      Vertex   +00082.671829,+00000.000000,+00100.327621
   End Polygon
   Begin Polygon Texture=747_metal Flags=1073741824 Link=7
      Origin   +00082.671829,+00005.270000,+00100.327621
      Normal   +00000.604255,+00000.000000,+00000.796791
      TextureU +00000.222778,+00000.960118,-00000.168946
      TextureV -00000.765014,+00000.279593,+00000.580156
      Vertex   +00082.671829,+00005.270000,+00100.327621
      Vertex   +00097.091423,+00000.000000,+00089.392372
      Vertex   +00097.091423,+00005.270000,+00089.392372
   End Polygon
   Begin Polygon Texture=747_metal Flags=1073741824 Link=9
      Origin   +00048.950306,+00005.270000,+00032.203247
      Normal   +00000.000000,+00000.630602,+00000.776106
      TextureU -00000.200794,+00000.760300,-00000.617759
      TextureV -00000.979634,-00000.155837,+00000.126621
      Vertex   +00048.950306,+00005.270000,+00032.203247
      Vertex   +00257.325806,+00038.417801,+00005.270000
      Vertex   +00037.794189,+00038.417801,+00005.270000
   End Polygon
   Begin Polygon Texture=747_metal Flags=1073741824 Link=9
      Origin   +00257.325806,+00038.417801,+00005.270000
      Normal   +00000.000000,+00000.630602,+00000.776106
      TextureU +00000.200794,-00000.760300,+00000.617759
      TextureV +00000.979634,+00000.155837,-00000.126621
      Vertex   +00257.325806,+00038.417801,+00005.270000
      Vertex   +00048.950306,+00005.270000,+00032.203247
      Vertex   +00246.169693,+00005.270000,+00032.203247
   End Polygon
   Begin Polygon Texture=747_metal Flags=1073741824 Link=11
      Origin   +00262.916748,+00005.270000,+00094.860001
      Normal   +00000.000000,+00001.000000,+00000.000000
      TextureU -00001.000000,+00000.000000,+00000.000000
      TextureV +00000.000000,-00000.000000,+00001.000000
      Vertex   +00262.916748,+00005.270000,+00094.860001
      Vertex   +00262.916748,+00005.270000,+00048.950306
      Vertex   +00255.706955,+00005.270000,+00089.392372
   End Polygon
   Begin Polygon Texture=747_metal Flags=1073741824 Link=12
      Origin   +00246.169693,+00005.270000,+00032.203247
      Normal   -00000.548790,+00000.630602,+00000.548790
      TextureU -00000.266075,+00000.490575,-00000.829783
      TextureV -00000.792486,-00000.601396,-00000.101436
      Vertex   +00246.169693,+00005.270000,+00032.203247
      Vertex   +00289.850006,+00038.417801,+00037.794189
      Vertex   +00257.325806,+00038.417801,+00005.270000
   End Polygon
   Begin Polygon Texture=747_metal Flags=1073741824 Link=12
      Origin   +00289.850006,+00038.417801,+00037.794189
      Normal   -00000.548790,+00000.630602,+00000.548790
      TextureU +00000.266075,-00000.490575,+00000.829783
      TextureV +00000.792486,+00000.601396,+00000.101436
      Vertex   +00289.850006,+00038.417801,+00037.794189
      Vertex   +00246.169693,+00005.270000,+00032.203247
      Vertex   +00262.916748,+00005.270000,+00048.950306
   End Polygon
   Begin Polygon Texture=747_metal Flags=1073741824 Link=14
      Origin   +00000.000000,+00073.779999,+00035.611282
      Normal   +00000.000000,+00001.000000,+00000.000000
      TextureU -00000.626027,+00000.000000,-00000.779801
      TextureV -00000.779801,+00000.000000,+00000.626027
      Vertex   +00000.000000,+00073.779999,+00035.611282
      Vertex   +00037.794189,+00073.779999,+00005.270000
      Vertex   +00035.611282,+00073.779999,+00000.000000
   End Polygon
   Begin Polygon Texture=747_metal Flags=1073741824 Link=14
      Origin   +00037.794189,+00073.779999,+00005.270000
      Normal   +00000.000000,+00001.000000,+00000.000000
      TextureU +00000.626027,-00000.000000,+00000.779801
      TextureV +00000.779801,+00000.000000,-00000.626027
      Vertex   +00037.794189,+00073.779999,+00005.270000
      Vertex   +00000.000000,+00073.779999,+00035.611282
      Vertex   +00005.270000,+00073.779999,+00037.794189
   End Polygon
   Begin Polygon Texture=747_metal Flags=1073741824 Link=16
      Origin   +00000.000000,+00036.546700,+00094.860001
      Normal   -00000.776106,-00000.630602,-00000.000000
      TextureU +00000.445233,-00000.547966,+00000.708167
      TextureV -00000.446572,+00000.549613,+00000.706045
      Vertex   +00000.000000,+00036.546700,+00094.860001
      Vertex   +00029.694923,+00000.000000,+00047.911324
      Vertex   +00029.694923,+00000.000000,+00094.860001
   End Polygon
   Begin Polygon Texture=747_metal Flags=1073741824 Link=16
      Origin   +00029.694923,+00000.000000,+00047.911324
      Normal   -00000.776106,-00000.630602,-00000.000000
      TextureU -00000.445233,+00000.547966,-00000.708167
      TextureV +00000.446572,-00000.549613,-00000.706045
      Vertex   +00029.694923,+00000.000000,+00047.911324
      Vertex   +00000.000000,+00036.546700,+00094.860001
      Vertex   +00000.000000,+00036.546700,+00035.611282
   End Polygon
   Begin Polygon Texture=747_metal Flags=1073741824 Link=18
      Origin   +00032.203247,+00005.270000,+00048.950306
      Normal   +00000.776106,+00000.630602,+00000.000000
      TextureU +00000.461700,-00000.568232,+00000.681135
      TextureV +00000.429525,-00000.528634,-00000.732157
      Vertex   +00032.203247,+00005.270000,+00048.950306
      Vertex   +00005.270000,+00038.417801,+00094.860001
      Vertex   +00032.203247,+00005.270000,+00094.860001
   End Polygon
   Begin Polygon Texture=747_metal Flags=1073741824 Link=18
      Origin   +00005.270000,+00038.417801,+00094.860001
      Normal   +00000.776106,+00000.630602,+00000.000000
      TextureU -00000.461700,+00000.568232,-00000.681135
      TextureV -00000.429525,+00000.528634,+00000.732157
      Vertex   +00005.270000,+00038.417801,+00094.860001
      Vertex   +00032.203247,+00005.270000,+00048.950306
      Vertex   +00005.270000,+00038.417801,+00037.794189
   End Polygon
   Begin Polygon Texture=747_metal Flags=1073741824 Link=20
      Origin   +00289.850006,+00073.779999,+00094.860001
      Normal   -00001.000000,+00000.000000,+00000.000000
      TextureU +00000.000000,-00000.850027,+00000.526739
      TextureV +00000.000000,+00000.526739,+00000.850027
      Vertex   +00289.850006,+00073.779999,+00094.860001
      Vertex   +00289.850006,+00038.417801,+00037.794189
      Vertex   +00289.850006,+00038.417801,+00094.860001
   End Polygon
   Begin Polygon Texture=747_metal Flags=1073741824 Link=20
      Origin   +00289.850006,+00038.417801,+00037.794189
      Normal   -00001.000000,+00000.000000,+00000.000000
      TextureU +00000.000000,+00000.850027,-00000.526739
      TextureV -00000.000000,-00000.526739,-00000.850027
      Vertex   +00289.850006,+00038.417801,+00037.794189
      Vertex   +00289.850006,+00073.779999,+00094.860001
      Vertex   +00289.850006,+00073.779999,+00037.794189
   End Polygon
   Begin Polygon Texture=747_metal Flags=1073741824 Link=22
      Origin   +00029.694923,+00000.000000,+00094.860001
      Normal   -00000.000000,-00001.000000,-00000.000000
      TextureU +00001.000000,-00000.000000,-00000.000000
      TextureV -00000.000000,-00000.000000,+00001.000000
      Vertex   +00029.694923,+00000.000000,+00094.860001
      Vertex   +00029.694923,+00000.000000,+00047.911324
      Vertex   +00047.911324,+00000.000000,+00029.694923
   End Polygon
   Begin Polygon Texture=747_metal Flags=1073741824 Link=23
      Origin   +00289.850006,+00038.417801,+00094.860001
      Normal   -00000.776106,+00000.630602,+00000.000000
      TextureU -00000.461700,-00000.568232,+00000.681136
      TextureV +00000.429525,+00000.528634,+00000.732157
      Vertex   +00289.850006,+00038.417801,+00094.860001
      Vertex   +00262.916748,+00005.270000,+00048.950306
      Vertex   +00262.916748,+00005.270000,+00094.860001
   End Polygon
   Begin Polygon Texture=747_metal Flags=1073741824 Link=23
      Origin   +00262.916748,+00005.270000,+00048.950306
      Normal   -00000.776106,+00000.630602,+00000.000000
      TextureU +00000.461700,+00000.568232,-00000.681136
      TextureV -00000.429525,-00000.528634,-00000.732157
      Vertex   +00262.916748,+00005.270000,+00048.950306
      Vertex   +00289.850006,+00038.417801,+00094.860001
      Vertex   +00289.850006,+00038.417801,+00037.794189
   End Polygon
   Begin Polygon Texture=747_metal Flags=1073741824 Link=25
      Origin   +00005.270000,+00073.779999,+00037.794189
      Normal   +00001.000000,+00000.000000,+00000.000000
      TextureU +00000.000000,-00000.850027,-00000.526739
      TextureV +00000.000000,+00000.526739,-00000.850027
      Vertex   +00005.270000,+00073.779999,+00037.794189
      Vertex   +00005.270000,+00038.417801,+00094.860001
      Vertex   +00005.270000,+00038.417801,+00037.794189
   End Polygon
   Begin Polygon Texture=747_metal Flags=1073741824 Link=25
      Origin   +00005.270000,+00038.417801,+00094.860001
      Normal   +00001.000000,+00000.000000,+00000.000000
      TextureU -00000.000000,+00000.850027,+00000.526739
      TextureV +00000.000000,-00000.526739,+00000.850027
      Vertex   +00005.270000,+00038.417801,+00094.860001
      Vertex   +00005.270000,+00073.779999,+00037.794189
      Vertex   +00005.270000,+00073.779999,+00094.860001
   End Polygon
   Begin Polygon Texture=747_metal Flags=1073741824 Link=14
      Origin   +00257.325806,+00073.779999,+00005.270000
      Normal   +00000.000000,+00001.000000,+00000.000000
      TextureU +00000.626027,+00000.000000,-00000.779801
      TextureV -00000.779801,+00000.000000,-00000.626027
      Vertex   +00257.325806,+00073.779999,+00005.270000
      Vertex   +00295.119995,+00073.779999,+00035.611282
      Vertex   +00259.508728,+00073.779999,+00000.000000
   End Polygon
   Begin Polygon Texture=747_metal Flags=1073741824 Link=14
      Origin   +00295.119995,+00073.779999,+00035.611282
      Normal   +00000.000000,+00001.000000,+00000.000000
      TextureU -00000.626027,+00000.000000,+00000.779801
      TextureV +00000.779801,-00000.000000,+00000.626027
      Vertex   +00295.119995,+00073.779999,+00035.611282
      Vertex   +00257.325806,+00073.779999,+00005.270000
      Vertex   +00289.850006,+00073.779999,+00037.794189
   End Polygon
   Begin Polygon Texture=747_metal Flags=1073741824 Link=14
      Origin   +00037.794189,+00073.779999,+00005.270000
      Normal   +00000.000000,+00001.000000,+00000.000000
      TextureU -00000.023763,+00000.000000,-00000.999718
      TextureV -00000.999718,+00000.000000,+00000.023763
      Vertex   +00037.794189,+00073.779999,+00005.270000
      Vertex   +00259.508728,+00073.779999,+00000.000000
      Vertex   +00035.611282,+00073.779999,+00000.000000
   End Polygon
   Begin Polygon Texture=747_metal Flags=1073741824 Link=14
      Origin   +00259.508728,+00073.779999,+00000.000000
      Normal   +00000.000000,+00001.000000,+00000.000000
      TextureU +00000.023763,-00000.000000,+00000.999718
      TextureV +00000.999718,+00000.000000,-00000.023763
      Vertex   +00259.508728,+00073.779999,+00000.000000
      Vertex   +00037.794189,+00073.779999,+00005.270000
      Vertex   +00257.325806,+00073.779999,+00005.270000
   End Polygon
   Begin Polygon Texture=747_metal Flags=1073741824 Link=31
      Origin   +00257.325806,+00038.417801,+00005.270000
      Normal   +00000.000000,+00000.000000,+00001.000000
      TextureU -00000.159030,-00000.987274,+00000.000000
      TextureV +00000.987274,-00000.159030,+00000.000000
      Vertex   +00257.325806,+00038.417801,+00005.270000
      Vertex   +00037.794189,+00073.779999,+00005.270000
      Vertex   +00037.794189,+00038.417801,+00005.270000
   End Polygon
   Begin Polygon Texture=747_metal Flags=1073741824 Link=31
      Origin   +00037.794189,+00073.779999,+00005.270000
      Normal   +00000.000000,+00000.000000,+00001.000000
      TextureU +00000.159030,+00000.987274,-00000.000000
      TextureV -00000.987274,+00000.159030,+00000.000000
      Vertex   +00037.794189,+00073.779999,+00005.270000
      Vertex   +00257.325806,+00038.417801,+00005.270000
      Vertex   +00257.325806,+00073.779999,+00005.270000
   End Polygon
   Begin Polygon Texture=747_metal Flags=1073741824 Link=33
      Origin   +00289.850006,+00038.417801,+00037.794189
      Normal   -00000.707107,+00000.000000,+00000.707107
      TextureU -00000.430982,-00000.792786,-00000.430982
      TextureV +00000.560584,-00000.609500,+00000.560584
      Vertex   +00289.850006,+00038.417801,+00037.794189
      Vertex   +00257.325806,+00073.779999,+00005.270000
      Vertex   +00257.325806,+00038.417801,+00005.270000
   End Polygon
   Begin Polygon Texture=747_metal Flags=1073741824 Link=33
      Origin   +00257.325806,+00073.779999,+00005.270000
      Normal   -00000.707107,+00000.000000,+00000.707107
      TextureU +00000.430982,+00000.792786,+00000.430982
      TextureV -00000.560584,+00000.609500,-00000.560584
      Vertex   +00257.325806,+00073.779999,+00005.270000
      Vertex   +00289.850006,+00038.417801,+00037.794189
      Vertex   +00289.850006,+00073.779999,+00037.794189
   End Polygon
   Begin Polygon Texture=747_metal Flags=1073741824 Link=35
      Origin   +00047.911324,+00000.000000,+00029.694923
      Normal   -00000.548790,-00000.630602,-00000.548790
      TextureU +00000.269627,+00000.487872,-00000.830230
      TextureV +00000.791284,-00000.603591,-00000.097712
      Vertex   +00047.911324,+00000.000000,+00029.694923
      Vertex   +00000.000000,+00036.546700,+00035.611282
      Vertex   +00035.611282,+00036.546700,+00000.000000
   End Polygon
   Begin Polygon Texture=747_metal Flags=1073741824 Link=35
      Origin   +00000.000000,+00036.546700,+00035.611282
      Normal   -00000.548790,-00000.630602,-00000.548790
      TextureU -00000.269627,-00000.487872,+00000.830230
      TextureV -00000.791284,+00000.603591,+00000.097712
      Vertex   +00000.000000,+00036.546700,+00035.611282
      Vertex   +00047.911324,+00000.000000,+00029.694923
      Vertex   +00029.694923,+00000.000000,+00047.911324
   End Polygon
   Begin Polygon Texture=747_metal Flags=1073741824 Link=37
      Origin   +00295.119995,+00036.546700,+00035.611282
      Normal   +00000.548790,-00000.630602,-00000.548790
      TextureU -00000.269627,+00000.487872,-00000.830230
      TextureV +00000.791284,+00000.603591,+00000.097712
      Vertex   +00295.119995,+00036.546700,+00035.611282
      Vertex   +00247.208679,+00000.000000,+00029.694923
      Vertex   +00259.508728,+00036.546700,+00000.000000
   End Polygon
   Begin Polygon Texture=747_metal Flags=1073741824 Link=37
      Origin   +00247.208679,+00000.000000,+00029.694923
      Normal   +00000.548790,-00000.630602,-00000.548790
      TextureU +00000.269627,-00000.487872,+00000.830230
      TextureV -00000.791284,-00000.603591,-00000.097712
      Vertex   +00247.208679,+00000.000000,+00029.694923
      Vertex   +00295.119995,+00036.546700,+00035.611282
      Vertex   +00265.425079,+00000.000000,+00047.911324
   End Polygon
   Begin Polygon Texture=747_metal Flags=1073741824 Link=39
      Origin   +00000.000000,+00073.779999,+00094.860001
      Normal   -00001.000000,-00000.000000,+00000.000000
      TextureU +00000.000000,-00000.846693,+00000.532082
      TextureV -00000.000000,+00000.532082,+00000.846693
      Vertex   +00000.000000,+00073.779999,+00094.860001
      Vertex   +00000.000000,+00036.546700,+00035.611282
      Vertex   +00000.000000,+00036.546700,+00094.860001
   End Polygon
   Begin Polygon Texture=747_metal Flags=1073741824 Link=39
      Origin   +00000.000000,+00036.546700,+00035.611282
      Normal   -00001.000000,-00000.000000,+00000.000000
      TextureU -00000.000000,+00000.846693,-00000.532082
      TextureV +00000.000000,-00000.532082,-00000.846693
      Vertex   +00000.000000,+00036.546700,+00035.611282
      Vertex   +00000.000000,+00073.779999,+00094.860001
      Vertex   +00000.000000,+00073.779999,+00035.611282
   End Polygon
   Begin Polygon Texture=747_metal Flags=1073741824 Link=41
      Origin   +00212.448166,+00000.000000,+00089.392372
      Normal   +00000.604255,+00000.000000,+00000.796791
      TextureU -00000.222778,-00000.960118,+00000.168946
      TextureV +00000.765014,-00000.279593,-00000.580156
      Vertex   +00212.448166,+00000.000000,+00089.392372
      Vertex   +00198.028580,+00005.270000,+00100.327621
      Vertex   +00198.028580,+00000.000000,+00100.327621
   End Polygon
   Begin Polygon Texture=747_metal Flags=1073741824 Link=41
      Origin   +00198.028580,+00005.270000,+00100.327621
      Normal   +00000.604255,+00000.000000,+00000.796791
      TextureU +00000.222778,+00000.960118,-00000.168946
      TextureV -00000.765014,+00000.279593,+00000.580156
      Vertex   +00198.028580,+00005.270000,+00100.327621
      Vertex   +00212.448166,+00000.000000,+00089.392372
      Vertex   +00212.448166,+00005.270000,+00089.392372
   End Polygon
   Begin Polygon Texture=747_metal Flags=1073741824 Link=43
      Origin   +00005.270000,+00038.417801,+00037.794189
      Normal   +00000.707107,+00000.000000,+00000.707107
      TextureU -00000.430982,+00000.792786,+00000.430982
      TextureV -00000.560584,-00000.609500,+00000.560584
      Vertex   +00005.270000,+00038.417801,+00037.794189
      Vertex   +00037.794189,+00073.779999,+00005.270000
      Vertex   +00005.270000,+00073.779999,+00037.794189
   End Polygon
   Begin Polygon Texture=747_metal Flags=1073741824 Link=43
      Origin   +00037.794189,+00073.779999,+00005.270000
      Normal   +00000.707107,+00000.000000,+00000.707107
      TextureU +00000.430982,-00000.792786,-00000.430982
      TextureV +00000.560584,+00000.609500,-00000.560584
      Vertex   +00037.794189,+00073.779999,+00005.270000
      Vertex   +00005.270000,+00038.417801,+00037.794189
      Vertex   +00037.794189,+00038.417801,+00005.270000
   End Polygon
   Begin Polygon Texture=747_metal Flags=1073741824 Link=45
      Origin   +00265.425079,+00000.000000,+00047.911324
      Normal   +00000.776106,-00000.630602,-00000.000000
      TextureU -00000.445233,-00000.547966,+00000.708167
      TextureV -00000.446571,-00000.549613,-00000.706045
      Vertex   +00265.425079,+00000.000000,+00047.911324
      Vertex   +00295.119995,+00036.546700,+00094.860001
      Vertex   +00265.425079,+00000.000000,+00094.860001
   End Polygon
   Begin Polygon Texture=747_metal Flags=1073741824 Link=45
      Origin   +00295.119995,+00036.546700,+00094.860001
      Normal   +00000.776106,-00000.630602,+00000.000000
      TextureU +00000.445233,+00000.547966,-00000.708167
      TextureV +00000.446572,+00000.549613,+00000.706045
      Vertex   +00295.119995,+00036.546700,+00094.860001
      Vertex   +00265.425079,+00000.000000,+00047.911324
      Vertex   +00295.119995,+00036.546700,+00035.611282
   End Polygon
   Begin Polygon Texture=747_metal Flags=1073741824 Link=14
      Origin   +00289.850006,+00073.779999,+00037.794189
      Normal   +00000.000000,+00001.000000,+00000.000000
      TextureU +00000.995763,+00000.000000,-00000.091958
      TextureV -00000.091958,+00000.000000,-00000.995763
      Vertex   +00289.850006,+00073.779999,+00037.794189
      Vertex   +00295.119995,+00073.779999,+00094.860001
      Vertex   +00295.119995,+00073.779999,+00035.611282
   End Polygon
   Begin Polygon Texture=747_metal Flags=1073741824 Link=14
      Origin   +00295.119995,+00073.779999,+00094.860001
      Normal   +00000.000000,+00001.000000,+00000.000000
      TextureU -00000.995763,+00000.000000,+00000.091958
      TextureV +00000.091958,-00000.000000,+00000.995763
      Vertex   +00295.119995,+00073.779999,+00094.860001
      Vertex   +00289.850006,+00073.779999,+00037.794189
      Vertex   +00289.850006,+00073.779999,+00094.860001
   End Polygon
   Begin Polygon Texture=747_metal Flags=1073741824 Link=0
      Origin   +00265.425079,+00000.000000,+00094.860001
      Normal   +00000.000000,+00000.000000,+00001.000000
      TextureU -00000.902940,-00000.429767,+00000.000000
      TextureV +00000.429767,-00000.902940,+00000.000000
      Vertex   +00265.425079,+00000.000000,+00094.860001
      Vertex   +00262.916748,+00005.270000,+00094.860001
      Vertex   +00262.916748,+00000.000000,+00094.860001
   End Polygon
   Begin Polygon Texture=747_metal Flags=1073741824 Link=14
      Origin   +00000.000000,+00073.779999,+00094.860001
      Normal   +00000.000000,+00001.000000,+00000.000000
      TextureU -00000.995763,+00000.000000,-00000.091958
      TextureV -00000.091958,+00000.000000,+00000.995763
      Vertex   +00000.000000,+00073.779999,+00094.860001
      Vertex   +00005.270000,+00073.779999,+00037.794189
      Vertex   +00000.000000,+00073.779999,+00035.611282
   End Polygon
   Begin Polygon Texture=747_metal Flags=1073741824 Link=14
      Origin   +00005.270000,+00073.779999,+00037.794189
      Normal   +00000.000000,+00001.000000,+00000.000000
      TextureU +00000.995763,-00000.000000,+00000.091958
      TextureV +00000.091958,+00000.000000,-00000.995763
      Vertex   +00005.270000,+00073.779999,+00037.794189
      Vertex   +00000.000000,+00073.779999,+00094.860001
      Vertex   +00005.270000,+00073.779999,+00094.860001
   End Polygon
   Begin Polygon Texture=747_metal Flags=1073741824 Link=52
      Origin   +00262.916748,+00000.000000,+00094.860001
      Normal   -00000.604255,+00000.000000,+00000.796791
      TextureU -00000.401008,-00000.864124,-00000.304109
      TextureV +00000.688526,-00000.503278,+00000.522152
      Vertex   +00262.916748,+00000.000000,+00094.860001
      Vertex   +00255.706955,+00005.270000,+00089.392372
      Vertex   +00255.706955,+00000.000000,+00089.392372
   End Polygon
   Begin Polygon Texture=747_metal Flags=1073741824 Link=52
      Origin   +00255.706955,+00005.270000,+00089.392372
      Normal   -00000.604255,+00000.000000,+00000.796791
      TextureU +00000.401008,+00000.864124,+00000.304109
      TextureV -00000.688526,+00000.503278,-00000.522152
      Vertex   +00255.706955,+00005.270000,+00089.392372
      Vertex   +00262.916748,+00000.000000,+00094.860001
      Vertex   +00262.916748,+00005.270000,+00094.860001
   End Polygon
   Begin Polygon Texture=747_metal Flags=1073741824 Link=0
      Origin   +00265.425079,+00000.000000,+00094.860001
      Normal   +00000.000000,+00000.000000,+00001.000000
      TextureU -00000.843888,+00000.536520,+00000.000000
      TextureV -00000.536520,-00000.843888,+00000.000000
      Vertex   +00265.425079,+00000.000000,+00094.860001
      Vertex   +00289.850006,+00038.417801,+00094.860001
      Vertex   +00262.916748,+00005.270000,+00094.860001
   End Polygon
   Begin Polygon Texture=747_metal Flags=1073741824 Link=0
      Origin   +00289.850006,+00038.417801,+00094.860001
      Normal   +00000.000000,+00000.000000,+00001.000000
      TextureU +00000.843888,-00000.536520,+00000.000000
      TextureV +00000.536520,+00000.843888,-00000.000000
      Vertex   +00289.850006,+00038.417801,+00094.860001
      Vertex   +00265.425079,+00000.000000,+00094.860001
      Vertex   +00295.119995,+00036.546700,+00094.860001
   End Polygon
   Begin Polygon Texture=747_metal Flags=1073741824 Link=0
      Origin   +00000.000000,+00036.546700,+00094.860001
      Normal   +00000.000000,+00000.000000,+00001.000000
      TextureU -00000.990131,+00000.140143,+00000.000000
      TextureV -00000.140143,-00000.990131,+00000.000000
      Vertex   +00000.000000,+00036.546700,+00094.860001
      Vertex   +00005.270000,+00073.779999,+00094.860001
      Vertex   +00000.000000,+00073.779999,+00094.860001
   End Polygon
   Begin Polygon Texture=747_metal Flags=1073741824 Link=0
      Origin   +00005.270000,+00073.779999,+00094.860001
      Normal   +00000.000000,+00000.000000,+00001.000000
      TextureU +00000.990131,-00000.140143,+00000.000000
      TextureV +00000.140143,+00000.990131,-00000.000000
      Vertex   +00005.270000,+00073.779999,+00094.860001
      Vertex   +00000.000000,+00036.546700,+00094.860001
      Vertex   +00005.270000,+00038.417801,+00094.860001
   End Polygon
   Begin Polygon Texture=747_metal Flags=1073741824 Link=58
      Origin   +00035.611282,+00073.779999,+00000.000000
      Normal   -00000.707107,+00000.000000,-00000.707107
      TextureU -00000.420365,+00000.804106,+00000.420365
      TextureV +00000.568588,+00000.594486,-00000.568588
      Vertex   +00035.611282,+00073.779999,+00000.000000
      Vertex   +00000.000000,+00036.546700,+00035.611282
      Vertex   +00000.000000,+00073.779999,+00035.611282
   End Polygon
   Begin Polygon Texture=747_metal Flags=1073741824 Link=58
      Origin   +00000.000000,+00036.546700,+00035.611282
      Normal   -00000.707107,+00000.000000,-00000.707107
      TextureU +00000.420365,-00000.804106,-00000.420365
      TextureV -00000.568588,-00000.594486,+00000.568588
      Vertex   +00000.000000,+00036.546700,+00035.611282
      Vertex   +00035.611282,+00073.779999,+00000.000000
      Vertex   +00035.611282,+00036.546700,+00000.000000
   End Polygon
   Begin Polygon Texture=747_metal Flags=1073741824 Link=60
      Origin   +00082.671829,+00000.000000,+00100.327621
      Normal   +00000.000000,+00000.000000,+00001.000000
      TextureU -00000.120931,-00000.992661,+00000.000000
      TextureV +00000.992661,-00000.120931,+00000.000000
      Vertex   +00082.671829,+00000.000000,+00100.327621
      Vertex   +00039.413044,+00005.270000,+00100.327621
      Vertex   +00039.413044,+00000.000000,+00100.327621
   End Polygon
   Begin Polygon Texture=747_metal Flags=1073741824 Link=60
      Origin   +00039.413044,+00005.270000,+00100.327621
      Normal   +00000.000000,+00000.000000,+00001.000000
      TextureU +00000.120931,+00000.992661,-00000.000000
      TextureV -00000.992661,+00000.120931,+00000.000000
      Vertex   +00039.413044,+00005.270000,+00100.327621
      Vertex   +00082.671829,+00000.000000,+00100.327621
      Vertex   +00082.671829,+00005.270000,+00100.327621
   End Polygon
   Begin Polygon Texture=747_metal Flags=1073741824 Link=62
      Origin   +00154.769791,+00000.000000,+00100.327621
      Normal   -00000.604255,+00000.000000,+00000.796791
      TextureU -00000.222778,-00000.960118,-00000.168946
      TextureV +00000.765014,-00000.279593,+00000.580156
      Vertex   +00154.769791,+00000.000000,+00100.327621
      Vertex   +00140.350204,+00005.270000,+00089.392372
      Vertex   +00140.350204,+00000.000000,+00089.392372
   End Polygon
   Begin Polygon Texture=747_metal Flags=1073741824 Link=62
      Origin   +00140.350204,+00005.270000,+00089.392372
      Normal   -00000.604255,+00000.000000,+00000.796791
      TextureU +00000.222778,+00000.960118,+00000.168946
      TextureV -00000.765014,+00000.279593,-00000.580156
      Vertex   +00140.350204,+00005.270000,+00089.392372
      Vertex   +00154.769791,+00000.000000,+00100.327621
      Vertex   +00154.769791,+00005.270000,+00100.327621
   End Polygon
   Begin Polygon Texture=747_metal Flags=1073741824 Link=60
      Origin   +00198.028580,+00000.000000,+00100.327621
      Normal   +00000.000000,+00000.000000,+00001.000000
      TextureU -00000.120931,-00000.992661,+00000.000000
      TextureV +00000.992661,-00000.120931,+00000.000000
      Vertex   +00198.028580,+00000.000000,+00100.327621
      Vertex   +00154.769791,+00005.270000,+00100.327621
      Vertex   +00154.769791,+00000.000000,+00100.327621
   End Polygon
   Begin Polygon Texture=747_metal Flags=1073741824 Link=60
      Origin   +00154.769791,+00005.270000,+00100.327621
      Normal   +00000.000000,+00000.000000,+00001.000000
      TextureU +00000.120931,+00000.992661,-00000.000000
      TextureV -00000.992661,+00000.120931,+00000.000000
      Vertex   +00154.769791,+00005.270000,+00100.327621
      Vertex   +00198.028580,+00000.000000,+00100.327621
      Vertex   +00198.028580,+00005.270000,+00100.327621
   End Polygon
   Begin Polygon Texture=747_metal Flags=1073741824 Link=66
      Origin   +00255.706955,+00000.000000,+00089.392372
      Normal   +00000.000000,+00000.000000,+00001.000000
      TextureU -00000.120931,-00000.992661,+00000.000000
      TextureV +00000.992661,-00000.120931,+00000.000000
      Vertex   +00255.706955,+00000.000000,+00089.392372
      Vertex   +00212.448166,+00005.270000,+00089.392372
      Vertex   +00212.448166,+00000.000000,+00089.392372
   End Polygon
   Begin Polygon Texture=747_metal Flags=1073741824 Link=66
      Origin   +00212.448166,+00005.270000,+00089.392372
      Normal   +00000.000000,+00000.000000,+00001.000000
      TextureU +00000.120931,+00000.992661,-00000.000000
      TextureV -00000.992661,+00000.120931,+00000.000000
      Vertex   +00212.448166,+00005.270000,+00089.392372
      Vertex   +00255.706955,+00000.000000,+00089.392372
      Vertex   +00255.706955,+00005.270000,+00089.392372
   End Polygon
   Begin Polygon Texture=747_metal Flags=1073741824 Link=66
      Origin   +00140.350204,+00000.000000,+00089.392372
      Normal   +00000.000000,+00000.000000,+00001.000000
      TextureU -00000.120931,-00000.992661,+00000.000000
      TextureV +00000.992661,-00000.120931,+00000.000000
      Vertex   +00140.350204,+00000.000000,+00089.392372
      Vertex   +00097.091423,+00005.270000,+00089.392372
      Vertex   +00097.091423,+00000.000000,+00089.392372
   End Polygon
   Begin Polygon Texture=747_metal Flags=1073741824 Link=66
      Origin   +00097.091423,+00005.270000,+00089.392372
      Normal   +00000.000000,+00000.000000,+00001.000000
      TextureU +00000.120931,+00000.992661,-00000.000000
      TextureV -00000.992661,+00000.120931,+00000.000000
      Vertex   +00097.091423,+00005.270000,+00089.392372
      Vertex   +00140.350204,+00000.000000,+00089.392372
      Vertex   +00140.350204,+00005.270000,+00089.392372
   End Polygon
   Begin Polygon Texture=747_metal Flags=1073741824 Link=70
      Origin   +00039.413044,+00000.000000,+00100.327621
      Normal   -00000.604255,+00000.000000,+00000.796791
      TextureU -00000.401008,-00000.864124,-00000.304108
      TextureV +00000.688527,-00000.503278,+00000.522151
      Vertex   +00039.413044,+00000.000000,+00100.327621
      Vertex   +00032.203247,+00005.270000,+00094.860001
      Vertex   +00032.203247,+00000.000000,+00094.860001
   End Polygon
   Begin Polygon Texture=747_metal Flags=1073741824 Link=70
      Origin   +00032.203247,+00005.270000,+00094.860001
      Normal   -00000.604255,+00000.000000,+00000.796791
      TextureU +00000.401008,+00000.864124,+00000.304108
      TextureV -00000.688527,+00000.503278,-00000.522151
      Vertex   +00032.203247,+00005.270000,+00094.860001
      Vertex   +00039.413044,+00000.000000,+00100.327621
      Vertex   +00039.413044,+00005.270000,+00100.327621
   End Polygon
   Begin Polygon Texture=747_metal Flags=1073741824 Link=72
      Origin   +00295.119995,+00073.779999,+00035.611282
      Normal   +00000.707107,+00000.000000,-00000.707107
      TextureU -00000.420365,+00000.804106,-00000.420366
      TextureV +00000.568588,+00000.594487,+00000.568589
      Vertex   +00295.119995,+00073.779999,+00035.611282
      Vertex   +00259.508728,+00036.546700,+00000.000000
      Vertex   +00259.508728,+00073.779999,+00000.000000
   End Polygon
   Begin Polygon Texture=747_metal Flags=1073741824 Link=72
      Origin   +00259.508728,+00036.546700,+00000.000000
      Normal   +00000.707107,+00000.000000,-00000.707107
      TextureU +00000.420365,-00000.804106,+00000.420366
      TextureV -00000.568588,-00000.594487,-00000.568589
      Vertex   +00259.508728,+00036.546700,+00000.000000
      Vertex   +00295.119995,+00073.779999,+00035.611282
      Vertex   +00295.119995,+00036.546700,+00035.611282
   End Polygon
   Begin Polygon Texture=747_metal Flags=1073741824 Link=74
      Origin   +00005.270000,+00038.417801,+00037.794189
      Normal   +00000.548790,+00000.630602,+00000.548790
      TextureU +00000.266075,+00000.490575,-00000.829783
      TextureV -00000.792486,+00000.601396,+00000.101436
      Vertex   +00005.270000,+00038.417801,+00037.794189
      Vertex   +00048.950306,+00005.270000,+00032.203247
      Vertex   +00037.794189,+00038.417801,+00005.270000
   End Polygon
   Begin Polygon Texture=747_metal Flags=1073741824 Link=74
      Origin   +00048.950306,+00005.270000,+00032.203247
      Normal   +00000.548790,+00000.630602,+00000.548790
      TextureU -00000.266075,-00000.490575,+00000.829783
      TextureV +00000.792486,-00000.601396,-00000.101436
      Vertex   +00048.950306,+00005.270000,+00032.203247
      Vertex   +00005.270000,+00038.417801,+00037.794189
      Vertex   +00032.203247,+00005.270000,+00048.950306
   End Polygon
   Begin Polygon Texture=747_metal Flags=1073741824 Link=76
      Origin   +00295.119995,+00073.779999,+00035.611282
      Normal   +00001.000000,+00000.000000,+00000.000000
      TextureU +00000.000000,-00000.846693,-00000.532082
      TextureV +00000.000000,+00000.532082,-00000.846693
      Vertex   +00295.119995,+00073.779999,+00035.611282
      Vertex   +00295.119995,+00036.546700,+00094.860001
      Vertex   +00295.119995,+00036.546700,+00035.611282
   End Polygon
   Begin Polygon Texture=747_metal Flags=1073741824 Link=76
      Origin   +00295.119995,+00036.546700,+00094.860001
      Normal   +00001.000000,+00000.000000,+00000.000000
      TextureU -00000.000000,+00000.846693,+00000.532082
      TextureV +00000.000000,-00000.532082,+00000.846693
      Vertex   +00295.119995,+00036.546700,+00094.860001
      Vertex   +00295.119995,+00073.779999,+00035.611282
      Vertex   +00295.119995,+00073.779999,+00094.860001
   End Polygon
   Begin Polygon Texture=747_metal Flags=1073741824 Link=22
      Origin   +00032.203247,+00000.000000,+00094.860001
      Normal   +00000.000000,-00001.000000,+00000.000000
      TextureU +00000.000000,-00000.000000,-00001.000000
      TextureV +00001.000000,+00000.000000,+00000.000000
      Vertex   +00032.203247,+00000.000000,+00094.860001
      Vertex   +00029.694923,+00000.000000,+00094.860001
      Vertex   +00047.911324,+00000.000000,+00029.694923
   End Polygon
   Begin Polygon Texture=747_metal Flags=1073741824 Link=22
      Origin   +00039.413044,+00000.000000,+00100.327621
      Normal   -00000.000000,-00001.000000,+00000.000000
      TextureU +00000.604255,-00000.000000,-00000.796791
      TextureV +00000.796791,-00000.000000,+00000.604255
      Vertex   +00039.413044,+00000.000000,+00100.327621
      Vertex   +00032.203247,+00000.000000,+00094.860001
      Vertex   +00047.911324,+00000.000000,+00029.694923
   End Polygon
   Begin Polygon Texture=747_metal Flags=1073741824 Link=22
      Origin   +00039.413044,+00000.000000,+00100.327621
      Normal   -00000.000000,-00001.000000,+00000.000000
      TextureU +00000.992840,-00000.000000,+00000.119455
      TextureV -00000.119455,+00000.000000,+00000.992840
      Vertex   +00039.413044,+00000.000000,+00100.327621
      Vertex   +00047.911324,+00000.000000,+00029.694923
      Vertex   +00082.671829,+00000.000000,+00100.327621
   End Polygon
   Begin Polygon Texture=747_metal Flags=1073741824 Link=22
      Origin   +00082.671829,+00000.000000,+00100.327621
      Normal   +00000.000000,-00001.000000,+00000.000000
      TextureU +00000.897234,+00000.000000,-00000.441556
      TextureV +00000.441556,+00000.000000,+00000.897234
      Vertex   +00082.671829,+00000.000000,+00100.327621
      Vertex   +00047.911324,+00000.000000,+00029.694923
      Vertex   +00097.091423,+00000.000000,+00089.392372
   End Polygon
   Begin Polygon Texture=747_metal Flags=1073741824 Link=22
      Origin   +00097.091423,+00000.000000,+00089.392372
      Normal   -00000.000000,-00001.000000,+00000.000000
      TextureU +00000.771819,-00000.000000,-00000.635842
      TextureV +00000.635842,-00000.000000,+00000.771819
      Vertex   +00097.091423,+00000.000000,+00089.392372
      Vertex   +00047.911324,+00000.000000,+00029.694923
      Vertex   +00140.350204,+00000.000000,+00089.392372
   End Polygon
   Begin Polygon Texture=747_metal Flags=1073741824 Link=22
      Origin   +00140.350204,+00000.000000,+00089.392372
      Normal   +00000.000000,-00001.000000,-00000.000000
      TextureU +00000.542508,+00000.000000,-00000.840050
      TextureV +00000.840050,-00000.000000,+00000.542508
      Vertex   +00140.350204,+00000.000000,+00089.392372
      Vertex   +00047.911324,+00000.000000,+00029.694923
      Vertex   +00247.208679,+00000.000000,+00029.694923
   End Polygon
   Begin Polygon Texture=747_metal Flags=1073741824 Link=22
      Origin   +00154.769791,+00000.000000,+00100.327621
      Normal   +00000.000000,-00001.000000,-00000.000000
